weekdate,hour,minute,759163,763646,759257,737229,737237,737246,737257,765506,737278,764054,718410,764125,764130,718412,763336,717008,717009,768584,717011,716036,717014,717016,717020,717022,718415,764249,763963,717028,716047,716050,717032,717035,763346,716057,717039,737184,717042,718335,717046,759385,764026,759280,718419
0,0,0,70,69.31933211,64.29049941,61.28162424,62.00162398,62.00162398,66.98995779,66.98995779,63.57586368,62.58266474,62.58266474,62.58266474,62.58266474,56.5257919,56.5257919,56.5257919,56.5257919,62.70345736,63.52303108,65.15631265,69.0578228,69.20925042,68.68186536,62.8299018,52.04082879,56.68631577,66.0522076,66.0522076,68.55193713,68.55193713,68.55193713,69.376519,69.376519,69.376519,67.61331168,67.61331168,59.56366337,59.56366337,69.376519,68.55193713,68.55193713,61.28162424,61.28162424
0,0,10,70,69.12112405,64.3876374,63.62430911,63.50622129,63.50622129,66.37254902,66.37254902,62.85556723,62.47707201,62.47707201,62.47707201,62.47707201,56.4336345,56.4336345,56.4336345,56.4336345,62.5139881,63.43809024,65.19090134,68.92896379,69.31281755,68.67503809,63.39296154,52.55585972,56.9311977,67.42468089,67.42468089,68.80207416,68.80207416,68.80207416,69.59368525,69.59368525,69.59368525,66.81498275,66.81498275,61.03947411,61.03947411,69.59368525,68.80207416,68.80207416,63.62430911,63.62430911
0,0,20,70,69.22454535,64.68203479,64.49989699,64.41856452,64.41856452,66.89076117,66.89076117,63.09585084,62.65380446,62.65380446,62.65380446,62.65380446,56.6859513,56.6859513,56.6859513,56.6859513,63.17484873,63.94665828,65.21017629,68.84086941,69.0784758,68.7470999,63.68125695,52.62343794,57.08052736,68.14336547,68.14336547,68.9768795,68.9768795,68.9768795,69.57100727,69.57100727,69.57100727,66.08152583,66.08152583,61.42157681,61.42157681,69.57100727,68.9768795,68.9768795,64.49989699,64.49989699
0,0,30,70,69.08739325,64.78065053,64.80943145,64.65639274,64.65639274,66.0342116,66.0342116,62.54373833,62.76554544,62.76554544,62.76554544,62.76554544,56.79243678,56.79243678,56.79243678,56.79243678,62.80130258,64.08748615,65.45541359,69.00368804,69.09999871,68.66631874,64.28072181,53.35186224,57.42368862,68.61035452,68.61035452,69.04342664,69.04342664,69.04342664,69.59283981,69.59283981,69.59283981,65.22421305,65.22421305,61.74671226,61.74671226,69.59283981,69.04342664,69.04342664,64.80943145,64.80943145
0,0,40,70,69.2175883,64.72235916,64.66091041,64.33276585,64.33276585,66.307564,66.307564,63.09585084,63.28042402,63.28042402,63.28042402,63.28042402,57.04050658,57.04050658,57.04050658,57.04050658,63.34199795,64.43873581,65.38767503,69.0187829,68.97434087,68.51069552,64.43423823,53.42473394,57.54651955,68.5839775,68.5839775,69.07523836,69.07523836,69.07523836,69.37783722,69.37783722,69.37783722,66.76002559,66.76002559,61.93484787,61.93484787,69.37783722,69.07523836,69.07523836,64.66091041,64.66091041
0,0,50,70,69.28013879,64.95012153,64.957289,65.12504858,65.12504858,67.07659314,67.07659314,63.67804622,63.22650509,63.22650509,63.22650509,63.22650509,56.71635375,56.71635375,56.71635375,56.71635375,63.55207223,64.78407104,65.73405289,69.10197361,69.27975977,68.94778723,64.48701339,53.82184523,57.62899841,68.61019364,68.61019364,68.17720504,68.17720504,68.17720504,69.31522783,69.31522783,69.31522783,69.11477883,69.11477883,62.11687957,62.11687957,69.31522783,68.17720504,68.17720504,64.957289,64.957289
0,1,0,70,69.17965542,64.97396785,64.97925369,65.30082914,65.30082914,67.76776961,67.76776961,64.31381303,63.54025599,63.54025599,63.54025599,63.54025599,57.103088,57.103088,57.103088,57.103088,63.52558722,64.57449095,65.84634473,69.22722184,69.32488895,68.89006869,64.7062581,54.11038024,57.96959265,68.70783342,68.70783342,69.18510525,69.18510525,69.18510525,69.76289391,69.76289391,69.76289391,67.07164157,67.07164157,62.16655256,62.16655256,69.76289391,69.18510525,69.18510525,64.97925369,64.97925369
0,1,10,70,69.21273375,64.94642477,64.90848075,65.09715488,65.09715488,67.0166122,67.0166122,63.66106443,63.85229692,63.85229692,63.85229692,63.85229692,56.9765465,56.9765465,56.9765465,56.9765465,62.99813502,64.37689634,65.44626982,68.99133898,69.41550063,68.76999125,64.86441054,54.74210637,58.01074961,68.56476083,68.56476083,68.82086694,68.82086694,68.82086694,69.37354647,69.37354647,69.37354647,67.80709527,67.80709527,62.38998919,62.38998919,69.37354647,68.82086694,68.82086694,64.90848075,64.90848075
0,1,20,70,69.27456227,65.34347614,65.15002842,65.23800786,65.23800786,66.61488971,66.61488971,63.09480042,63.69036621,63.69036621,63.69036621,63.69036621,57.00159901,57.00159901,57.00159901,57.00159901,63.32613045,64.74643357,66.18472649,69.30665869,69.26339561,68.54361357,64.76616188,55.03058871,58.21502258,68.96118017,68.96118017,68.90691846,68.90691846,68.90691846,69.43562473,69.43562473,69.43562473,68.2475943,68.2475943,62.64022889,62.64022889,69.43562473,68.90691846,68.90691846,65.15002842,65.15002842
0,1,30,70,69.22682675,65.03817545,65.02755399,65.6605083,65.6605083,66.55208333,66.55208333,63.1538282,63.81776263,63.81776263,63.81776263,63.81776263,57.06637977,57.06637977,57.06637977,57.06637977,63.39479606,64.47913479,65.92770386,69.26546244,69.44825462,69.06554143,65.50943291,54.96522045,58.22499845,68.72354501,68.72354501,69.2679617,69.2679617,69.2679617,69.48098619,69.48098619,69.48098619,67.86648031,67.86648031,62.66791042,62.66791042,69.48098619,69.2679617,69.2679617,65.02755399,65.02755399
0,1,40,70,69.25525294,65.25760692,65.18344345,65.48370871,65.48370871,67.17834286,67.17834286,63.93064309,63.89292511,63.89292511,63.89292511,63.89292511,57.30335895,57.30335895,57.30335895,57.30335895,63.4825839,64.79537495,66.113401,69.28712588,69.28605233,69.03387549,65.31511892,54.9171532,58.27003033,68.82550998,68.82550998,69.35985354,69.35985354,69.35985354,69.68189311,69.68189311,69.68189311,67.18474035,67.18474035,62.95451323,62.95451323,69.68189311,69.35985354,69.35985354,65.18344345,65.18344345
0,1,50,70,69.07878392,65.367406,65.2938246,65.68348569,65.68348569,66.19689542,66.19689542,62.91648576,63.64454024,63.64454024,63.64454024,63.64454024,57.39473825,57.39473825,57.39473825,57.39473825,63.71554622,65.28429622,66.23991367,69.1900217,69.0460594,68.64215867,65.16911898,55.14552298,58.49416064,68.7320624,68.7320624,69.45415568,69.45415568,69.45415568,69.61626177,69.61626177,69.61626177,67.55876509,67.55876509,62.94925172,62.94925172,69.61626177,69.45415568,69.45415568,65.2938246,65.2938246
0,2,0,70,68.96957972,65.40507798,65.64765384,65.72099328,65.72099328,66.70349601,66.70349601,63.3551865,63.90821304,63.90821304,63.90821304,63.90821304,57.25026872,57.25026872,57.25026872,57.25026872,62.90229553,64.65607397,66.23286477,69.09796767,69.06609043,68.98277474,65.40701357,55.19282145,58.37674401,68.64555964,68.64555964,69.51076015,69.51076015,69.51076015,69.84350671,69.84350671,69.84350671,68.72922283,68.72922283,62.71125041,62.71125041,69.84350671,69.51076015,69.51076015,65.64765384,65.64765384
0,2,10,70,68.02928581,63.86900242,65.02337102,65.67826128,65.67826128,67.98294526,67.98294526,64.57670985,63.87926318,63.87926318,63.87926318,63.87926318,57.16761151,57.16761151,57.16761151,57.16761151,62.86968174,64.65012005,65.56277739,68.58029366,69.14339095,68.84607737,65.40200175,55.30808156,58.55767277,68.8756557,68.8756557,69.51170825,69.51170825,69.51170825,69.749281,69.749281,69.749281,66.44217588,66.44217588,62.83735016,62.83735016,69.749281,69.51170825,69.51170825,65.02337102,65.02337102
0,2,20,70,68.64072042,63.96543839,64.76940182,65.6181747,65.6181747,66.84586057,66.84586057,63.58099907,64.03980263,64.03980263,64.03980263,64.03980263,57.14416433,57.14416433,57.14416433,57.14416433,63.3534266,64.83952604,66.15687039,69.21510057,69.28788679,69.24237538,65.44194422,54.91814433,58.56289786,68.9388041,68.9388041,69.41763674,69.41763674,69.41763674,69.78876762,69.78876762,69.78876762,66.49379157,66.49379157,62.70677424,62.70677424,69.78876762,69.41763674,69.41763674,64.76940182,64.76940182
0,2,30,70,69.16173066,65.23621641,65.19020673,65.93906023,65.93906023,66.73406863,66.73406863,63.02310924,63.73335245,63.73335245,63.73335245,63.73335245,56.80108852,56.80108852,56.80108852,56.80108852,62.87621382,65.07962768,66.30164205,69.18178617,69.2830636,68.90431615,65.51076056,55.24192006,58.34059687,68.75158858,68.75158858,69.5512133,69.5512133,69.5512133,69.83756368,69.83756368,69.83756368,66.10533872,66.10533872,62.65412601,62.65412601,69.83756368,69.5512133,69.5512133,65.19020673,65.19020673
0,2,40,70,69.21374785,65.41680647,65.31368489,65.6806901,65.6806901,67.54265387,67.54265387,64.00049603,63.82732507,63.82732507,63.82732507,63.82732507,57.00151469,57.00151469,57.00151469,57.00151469,62.78282967,64.61968056,66.14953021,69.29130584,69.30999122,69.0411918,65.96845561,55.64817924,58.48861093,68.92166031,68.92166031,69.38468603,69.38468603,69.38468603,69.77419662,69.77419662,69.77419662,65.59096356,65.59096356,62.61055855,62.61055855,69.77419662,69.38468603,69.38468603,65.31368489,65.31368489
0,2,50,70,68.84930575,65.26287052,65.2884364,65.55679676,65.55679676,65.99193219,65.99193219,62.83756419,63.74051885,63.74051885,63.74051885,63.74051885,56.9036545,56.9036545,56.9036545,56.9036545,62.78070247,64.51645928,66.09888261,69.23271625,69.41839363,68.96524473,65.91966259,55.84824413,58.65099112,69.12813014,69.12813014,69.00409679,69.00409679,69.00409679,69.73891412,69.73891412,69.73891412,69.06976675,69.06976675,62.64837584,62.64837584,69.73891412,69.00409679,69.00409679,65.2884364,65.2884364
0,3,0,70,69.1057567,65.41076464,65.37795691,65.75263536,65.75263536,64.88854847,64.88854847,61.94578665,63.48502852,63.48502852,63.48502852,63.48502852,56.73550153,56.73550153,56.73550153,56.73550153,63.17507503,64.91019408,65.90394306,69.03901283,69.30327588,68.95630649,65.822056,55.64138089,58.26921119,68.71730775,68.71730775,69.26012678,69.26012678,69.26012678,69.74202282,69.74202282,69.74202282,68.5580503,68.5580503,62.6161189,62.6161189,69.74202282,69.26012678,69.26012678,65.37795691,65.37795691
0,3,10,70,69.03857671,65.55371363,65.48584648,65.66816817,65.66816817,66.46405229,66.46405229,63.16561625,63.79304446,63.79304446,63.79304446,63.79304446,55.75462909,55.75462909,55.75462909,55.75462909,62.26114044,64.18251514,65.66528715,68.91203603,68.97791952,68.268255,65.0102445,55.39781037,58.35804186,68.62250812,68.62250812,69.27948175,69.27948175,69.27948175,69.67762034,69.67762034,69.67762034,66.95375294,66.95375294,62.37993511,62.37993511,69.67762034,69.27948175,69.27948175,65.48584648,65.48584648
0,3,20,70,69.11188232,65.22345203,65.1535113,65.56818252,65.56818252,66.51960784,66.51960784,63.21428571,63.75370604,63.75370604,63.75370604,63.75370604,56.5078936,56.5078936,56.5078936,56.5078936,62.83459657,64.17464569,65.61627343,68.73602961,68.82671343,68.24462163,65.07967944,55.18835763,58.16632048,68.35603743,68.35603743,68.84916085,68.84916085,68.84916085,69.58126201,69.58126201,69.58126201,67.2224804,67.2224804,62.20424215,62.20424215,69.58126201,68.84916085,68.84916085,65.1535113,65.1535113
0,3,30,70,69.22404976,65.64645724,65.70784999,65.74523048,65.74523048,65.98958333,65.98958333,62.52783613,63.82860433,63.82860433,63.82860433,63.82860433,56.44860226,56.44860226,56.44860226,56.44860226,62.07620644,63.80776907,65.32529684,68.69400959,69.06459488,68.04597517,65.0757016,55.84122998,58.25057442,68.29121366,68.29121366,69.08204754,69.08204754,69.08204754,69.41142288,69.41142288,69.41142288,67.16511776,67.16511776,62.32652437,62.32652437,69.41142288,69.08204754,69.08204754,65.70784999,65.70784999
0,3,40,70,69.23464631,65.66141831,65.56070439,65.62383192,65.62383192,66.49601716,66.49601716,63.4424895,63.54842497,63.54842497,63.54842497,63.54842497,55.87621956,55.87621956,55.87621956,55.87621956,61.33121287,63.7679972,65.35399516,68.26119909,68.84599958,67.96240956,64.91713493,55.77781525,58.38344112,67.95271446,67.95271446,69.05370998,69.05370998,69.05370998,69.50295718,69.50295718,69.50295718,67.70033299,67.70033299,62.22303432,62.22303432,69.50295718,69.05370998,69.05370998,65.56070439,65.56070439
0,3,50,70,69.21961896,65.81233443,65.74516908,65.64634671,65.64634671,66.59283088,66.59283088,63.3022584,63.43232644,63.43232644,63.43232644,63.43232644,56.27124258,56.27124258,56.27124258,56.27124258,61.69448356,64.01402805,65.52038395,68.49587945,68.67078609,68.1304104,64.94133788,55.38636634,58.29200441,67.90211949,67.90211949,68.91033861,68.91033861,68.91033861,69.50777031,69.50777031,69.50777031,65.45860688,65.45860688,61.98404905,61.98404905,69.50777031,68.91033861,68.91033861,65.74516908,65.74516908
0,4,0,70,69.14112259,65.45494804,65.28236483,65.61464426,65.61464426,65.83849206,65.83849206,62.80102041,62.9579916,62.9579916,62.9579916,62.9579916,55.52409468,55.52409468,55.52409468,55.52409468,60.66730621,62.66564983,64.91624853,68.23729961,68.58204694,68.06630049,64.88826558,55.20992635,58.00187958,67.94450558,67.94450558,68.59694136,68.59694136,68.59694136,69.49790855,69.49790855,69.49790855,65.82187421,65.82187421,61.6870628,61.6870628,69.49790855,68.59694136,68.59694136,65.28236483,65.28236483
0,4,10,70,69.12195654,65.36341721,65.09132033,65.320416,65.320416,66.92712418,66.92712418,62.97193627,62.97846243,62.97846243,62.97846243,62.97846243,55.53115522,55.53115522,55.53115522,55.53115522,60.78766834,62.59956232,64.66203954,67.86100744,68.38889105,67.36803989,63.97664458,54.31354405,57.01834474,67.2338941,67.2338941,68.35929827,68.35929827,68.35929827,69.18284514,69.18284514,69.18284514,66.52791189,66.52791189,61.68852829,61.68852829,69.18284514,68.35929827,68.35929827,65.09132033,65.09132033
0,4,20,70,69.06754563,65.17376251,64.88100033,65.00005205,65.00005205,65.98819444,65.98819444,62.1842437,63.38486301,63.38486301,63.38486301,63.38486301,55.52877984,55.52877984,55.52877984,55.52877984,61.49351164,63.56026314,64.78310814,68.00753467,68.76367552,67.28429103,63.92950738,54.87889473,57.72737968,67.49083125,67.49083125,68.52129803,68.52129803,68.52129803,69.3207336,69.3207336,69.3207336,65.04725039,65.04725039,61.61230011,61.61230011,69.3207336,68.52129803,68.52129803,64.88100033,64.88100033
0,4,30,70,68.85973626,65.53461388,65.44220304,65.62772147,65.62772147,65.42126225,65.42126225,61.91176471,62.82954103,62.82954103,62.82954103,62.82954103,54.7424869,54.7424869,54.7424869,54.7424869,60.56367566,62.2180174,63.98085137,67.40183482,67.87518365,67.01722754,63.48380717,54.2282687,57.07016029,66.9281487,66.9281487,67.9349927,67.9349927,67.9349927,69.05262198,69.05262198,69.05262198,65.9045866,65.9045866,61.47844929,61.47844929,69.05262198,67.9349927,67.9349927,65.44220304,65.44220304
0,4,40,70,68.98190906,65.48327082,65.22668905,65.52392908,65.52392908,66.7921024,66.7921024,63.03615196,62.70905936,62.70905936,62.70905936,62.70905936,55.39099976,55.39099976,55.39099976,55.39099976,60.29320197,62.91642311,64.25581056,67.39810129,67.9254365,67.25970761,63.84955516,54.15608402,56.7355158,66.74739852,66.74739852,67.31834505,67.31834505,67.31834505,68.40823696,68.40823696,68.40823696,64.23800056,64.23800056,61.34029566,61.34029566,68.40823696,67.31834505,67.31834505,65.22668905,65.22668905
0,4,50,70,69.1658039,65.82728676,65.61154803,65.4785208,65.4785208,65.796875,65.796875,61.34375,62.9612503,62.9612503,62.9612503,62.9612503,55.40565971,55.40565971,55.40565971,55.40565971,62.06360738,63.55868503,64.30504304,67.57605582,68.19766426,67.39759149,63.59639073,54.32823371,57.19103395,66.95218057,66.95218057,67.88165443,67.88165443,67.88165443,68.91332976,68.91332976,68.91332976,64.33590791,64.33590791,60.9305716,60.9305716,68.91332976,67.88165443,67.88165443,65.61154803,65.61154803
0,5,0,70,68.94264033,65.08346857,64.89135053,64.99906156,64.99906156,65.67258987,65.67258987,61.58496732,62.43484458,62.43484458,62.43484458,62.43484458,55.0844317,55.0844317,55.0844317,55.0844317,61.76369048,62.64820845,64.064911,67.62099736,68.33759225,67.53567373,64.13092037,54.84436886,57.09246668,66.96761292,66.96761292,68.05902737,68.05902737,68.05902737,69.08964423,69.08964423,69.08964423,64.07762933,64.07762933,60.986462,60.986462,69.08964423,68.05902737,68.05902737,64.89135053,64.89135053
0,5,10,70,69.09433155,65.6408051,64.80629058,65.29946547,65.29946547,66.08394608,66.08394608,63.23818277,63.02205544,63.02205544,63.02205544,63.02205544,54.86924311,54.86924311,54.86924311,54.86924311,60.10952862,61.99917448,63.8929666,67.57708881,68.02567012,67.33033424,63.59131628,54.06372928,56.79891535,67.0628368,67.0628368,67.85738084,67.85738084,67.85738084,69.03067614,69.03067614,69.03067614,62.57052177,62.57052177,61.70730588,61.70730588,69.03067614,67.85738084,67.85738084,64.80629058,64.80629058
0,5,20,70,69.14343067,65.48666866,65.31551755,65.58229774,65.58229774,66.28125,66.28125,62.90166317,63.09424817,63.09424817,63.09424817,63.09424817,54.9870119,54.9870119,54.9870119,54.9870119,60.74462766,62.53591186,63.86117892,67.46006047,67.79217748,66.74128681,63.48008187,54.06796557,56.72195089,66.97830684,66.97830684,68.00163384,68.00163384,68.00163384,68.92781969,68.92781969,68.92781969,61.69445435,61.69445435,61.5458542,61.5458542,68.92781969,68.00163384,68.00163384,65.31551755,65.31551755
0,5,30,70,69.17172131,65.22666722,64.68358909,65.58773563,65.58773563,65.13270308,65.13270308,61.64304472,63.20030947,63.20030947,63.20030947,63.20030947,55.29755332,55.29755332,55.29755332,55.29755332,58.10763596,60.36568767,64.28029615,67.7093531,68.2496057,67.15845364,63.40724792,54.13111382,56.53227686,66.54803533,66.54803533,67.91221286,67.91221286,67.91221286,69.02540597,69.02540597,69.02540597,64.24034579,64.24034579,61.63750445,61.63750445,69.02540597,67.91221286,67.91221286,64.68358909,64.68358909
0,5,40,70,68.90784676,65.49797805,65.17837809,65.91595897,65.91595897,66.33888889,66.33888889,62.42205882,63.38771313,63.38771313,63.38771313,63.38771313,55.45380456,55.45380456,55.45380456,55.45380456,60.72729842,62.87657563,64.67925657,68.09531056,68.18781417,67.79772801,63.56076948,53.75224972,56.6658061,67.12201001,67.12201001,68.25454071,68.25454071,68.25454071,69.23459438,69.23459438,69.23459438,65.17496409,65.17496409,62.2814951,62.2814951,69.23459438,68.25454071,68.25454071,65.17837809,65.17837809
0,5,50,70,68.75129656,65.1347381,64.35259484,64.7928685,64.7928685,66.16614146,66.16614146,62.21982543,62.58421793,62.58421793,62.58421793,62.58421793,55.71156659,55.71156659,55.71156659,55.71156659,61.81109444,63.37893407,64.6499282,68.07723867,68.60751027,67.85024289,64.23433658,54.58555805,57.27663321,67.53678094,67.53678094,68.17191309,68.17191309,68.17191309,69.27908319,69.27908319,69.27908319,66.37983047,66.37983047,62.42582876,62.42582876,69.27908319,68.17191309,68.17191309,64.35259484,64.35259484
0,6,0,70,68.95352963,64.35480162,63.93876558,65.29867625,65.29867625,66.1366762,66.1366762,62.49390756,62.76431247,62.76431247,62.76431247,62.76431247,55.68057195,55.68057195,55.68057195,55.68057195,61.10743317,63.17801871,64.61781303,68.02800544,68.40319882,67.07145683,63.52514056,54.18652187,57.30222985,67.89388924,67.89388924,68.60963253,68.60963253,68.60963253,69.29725966,69.29725966,69.29725966,66.79603112,66.79603112,61.78510267,61.78510267,69.29725966,68.60963253,68.60963253,63.93876558,63.93876558
0,6,10,70,68.97622268,64.34121691,63.81368794,65.67702245,65.67702245,65.99264706,65.99264706,62.37426471,63.08148344,63.08148344,63.08148344,63.08148344,56.26746708,56.26746708,56.26746708,56.26746708,61.85466937,63.71362628,65.06768282,68.64960879,68.86773156,68.62561955,65.21314304,54.67985315,57.37635454,67.87682733,67.87682733,68.65227428,68.65227428,68.65227428,69.33037987,69.33037987,69.33037987,66.25356688,66.25356688,62.14011024,62.14011024,69.33037987,68.65227428,68.65227428,63.81368794,63.81368794
0,6,20,70,69.24079145,64.63488892,64.07568556,65.25799439,65.25799439,66.53880719,66.53880719,62.72942927,62.97043088,62.97043088,62.97043088,62.97043088,56.44560205,56.44560205,56.44560205,56.44560205,62.45135836,63.72496678,65.33080874,68.85518354,69.07330314,68.61281488,65.02089957,54.87780258,57.70469126,68.22741306,68.22741306,68.90074314,68.90074314,68.90074314,69.4766102,69.4766102,69.4766102,66.87230163,66.87230163,62.393718,62.393718,69.4766102,68.90074314,68.90074314,64.07568556,64.07568556
0,6,30,70,69.35663962,65.11021013,64.48847506,65.17927818,65.17927818,65.83858932,65.83858932,62.36875584,63.41674743,63.41674743,63.41674743,63.41674743,57.02663384,57.02663384,57.02663384,57.02663384,61.68324176,63.47258153,65.61272601,68.93852047,69.08669355,68.53388932,64.85653431,54.84536381,58.00724613,68.43228114,68.43228114,69.04952889,69.04952889,69.04952889,69.51780116,69.51780116,69.51780116,65.77937409,65.77937409,62.36386146,62.36386146,69.51780116,69.04952889,69.04952889,64.48847506,64.48847506
0,6,40,70,69.45403156,65.22277718,64.96613029,66.12718601,66.12718601,67.21844363,67.21844363,63.3799895,63.74856645,63.74856645,63.74856645,63.74856645,57.41891916,57.41891916,57.41891916,57.41891916,62.73770257,64.18484051,65.62477838,68.90014673,69.03423327,68.34990155,65.20034826,55.14075062,58.17081725,68.694126,68.694126,69.18033416,69.18033416,69.18033416,69.58639248,69.58639248,69.58639248,67.43480412,67.43480412,62.93988773,62.93988773,69.58639248,69.18033416,69.18033416,64.96613029,64.96613029
0,6,50,70,69.16760821,64.54183237,64.42471989,65.86336817,65.86336817,66.94529062,66.94529062,63.23908313,63.79044889,63.79044889,63.79044889,63.79044889,57.57959271,57.57959271,57.57959271,57.57959271,62.30360418,63.87001908,65.6381242,68.99850792,69.09211761,68.85008778,65.40143061,55.13716562,58.05642861,68.55879472,68.55879472,68.93463867,68.93463867,68.93463867,69.2808105,69.2808105,69.2808105,68.56681933,68.56681933,62.47577887,62.47577887,69.2808105,68.93463867,68.93463867,64.42471989,64.42471989
0,7,0,70,69.18168235,65.06960607,65.2461104,65.93951157,65.93951157,65.76838235,65.76838235,61.97006303,63.73946518,63.73946518,63.73946518,63.73946518,56.80393818,56.80393818,56.80393818,56.80393818,62.39743584,63.98498556,65.45602523,68.79482627,68.78245834,68.39338618,64.84300927,54.63410057,57.65069827,68.34431937,68.34431937,69.01657536,69.01657536,69.01657536,69.57960872,69.57960872,69.57960872,68.21675151,68.21675151,62.43794088,62.43794088,69.57960872,69.01657536,69.01657536,65.2461104,65.2461104
0,7,10,70,69.27114069,65.40136566,65.2744484,65.79187028,65.79187028,66.48120915,66.48120915,63.09287465,64.13852758,64.13852758,64.13852758,64.13852758,56.65089553,56.65089553,56.65089553,56.65089553,62.59671528,63.95340795,65.44751856,69.17467642,69.29966531,68.86901627,64.70485265,54.37764871,57.85464927,68.14925259,68.14925259,68.97532444,68.97532444,68.97532444,69.53607468,69.53607468,69.53607468,67.59961956,67.59961956,62.54018704,62.54018704,69.53607468,68.97532444,68.97532444,65.2744484,65.2744484
0,7,20,70,69.07293477,64.79058336,64.61189791,65.30653043,65.30653043,66.2276348,66.2276348,62.46379802,63.96484059,63.96484059,63.96484059,63.96484059,57.16233443,57.16233443,57.16233443,57.16233443,61.97487566,62.80894967,65.45070223,68.98479988,68.97374245,68.96200856,65.01381832,54.9570679,58.04481692,68.80771454,68.80771454,69.19219808,69.19219808,69.19219808,69.65503928,69.65503928,69.65503928,66.8945063,66.8945063,62.50280962,62.50280962,69.65503928,69.19219808,69.19219808,64.61189791,64.61189791
0,7,30,70,69.37983399,65.10144043,65.00569409,65.75981607,65.75981607,66.70006127,66.70006127,62.75919118,63.86142518,63.86142518,63.86142518,63.86142518,57.05543678,57.05543678,57.05543678,57.05543678,61.94835894,63.29344334,65.5309375,69.1485317,69.13117839,68.47982682,64.85574299,54.51423322,57.81101351,68.74606872,68.74606872,69.19378129,69.19378129,69.19378129,69.59621416,69.59621416,69.59621416,67.73160784,67.73160784,62.7455824,62.7455824,69.59621416,69.19378129,69.19378129,65.00569409,65.00569409
0,7,40,70,69.28102447,64.96240766,64.90341539,65.81011416,65.81011416,66.78737745,66.78737745,62.86397059,64.09191355,64.09191355,64.09191355,64.09191355,57.31270939,57.31270939,57.31270939,57.31270939,62.35213989,63.6713976,65.12784364,69.32418234,69.49948196,69.13644266,65.48024215,54.70355611,57.75507902,68.85827254,68.85827254,69.06848487,69.06848487,69.06848487,69.45457975,69.45457975,69.45457975,69.18462021,69.18462021,62.50359904,62.50359904,69.45457975,69.06848487,69.06848487,64.90341539,64.90341539
0,7,50,70,69.37896551,65.06811348,64.85869743,65.74956169,65.74956169,65.94829112,65.94829112,62.40270775,63.81270666,63.81270666,63.81270666,63.81270666,57.22945992,57.22945992,57.22945992,57.22945992,61.44635316,62.88352052,65.56376945,68.94417145,69.17084547,68.63029378,64.88666067,54.70096771,57.98660454,68.93733705,68.93733705,69.3930026,69.3930026,69.3930026,69.58188955,69.58188955,69.58188955,68.13659407,68.13659407,62.48333277,62.48333277,69.58188955,69.3930026,69.3930026,64.85869743,64.85869743
0,8,0,70,69.06834648,65.04815145,65.11911765,65.6635133,65.6635133,66.16789216,66.16789216,62.61685924,63.85403071,63.85403071,63.85403071,63.85403071,57.17237188,57.17237188,57.17237188,57.17237188,61.88996983,63.14801632,65.46873626,69.18454259,69.31222379,68.94776107,64.8122406,54.61532635,57.91865237,68.71699994,68.71699994,69.29420146,69.29420146,69.29420146,69.63533168,69.63533168,69.63533168,68.92993406,68.92993406,62.75259273,62.75259273,69.63533168,69.29420146,69.29420146,65.11911765,65.11911765
0,8,10,70,69.385773,65.15599074,65.02694286,65.68443473,65.68443473,66.46723856,66.46723856,62.61766457,63.71201282,63.71201282,63.71201282,63.71201282,57.31964781,57.31964781,57.31964781,57.31964781,61.84205349,62.97169284,65.40877727,69.20634323,69.14087186,68.50228634,64.66301841,54.52521856,57.89822311,68.5471332,68.5471332,69.39692649,69.39692649,69.39692649,69.62839756,69.62839756,69.62839756,68.41775187,68.41775187,62.3223427,62.3223427,69.62839756,69.39692649,69.39692649,65.02694286,65.02694286
0,8,20,70,69.03170075,65.33488627,65.23898835,65.74703726,65.74703726,67.24607162,67.24607162,63.24977824,63.82221019,63.82221019,63.82221019,63.82221019,57.30523269,57.30523269,57.30523269,57.30523269,61.50978391,62.83433123,65.3111337,69.0334836,69.32771393,68.90209788,64.35165982,54.02206433,57.57089716,68.01730899,68.01730899,69.30441657,69.30441657,69.30441657,69.60508126,69.60508126,69.60508126,68.51731757,68.51731757,62.63628373,62.63628373,69.60508126,69.30441657,69.30441657,65.23898835,65.23898835
0,8,30,70,69.34935354,65.09693559,65.03380754,65.47116127,65.47116127,66.71500545,66.71500545,62.92775444,63.79127847,63.79127847,63.79127847,63.79127847,57.02596223,57.02596223,57.02596223,57.02596223,61.17253262,62.95736352,65.41751532,69.05509172,69.23404944,68.79429412,63.84481771,53.41820889,56.10233013,66.07491374,66.07491374,69.27167974,69.27167974,69.27167974,69.70370264,69.70370264,69.70370264,68.02014541,68.02014541,62.69767791,62.69767791,69.70370264,69.27167974,69.27167974,65.03380754,65.03380754
0,8,40,70,69.32863348,65.33290323,65.12864196,65.28981771,65.28981771,66.64270153,66.64270153,62.29130486,63.46013122,63.46013122,63.46013122,63.46013122,57.52645873,57.52645873,57.52645873,57.52645873,61.65401507,62.84854121,65.16625096,69.00322683,69.25124156,68.66237409,64.20452392,53.7633555,55.78826975,65.88630846,65.88630846,69.1596119,69.1596119,69.1596119,69.5508299,69.5508299,69.5508299,69.02664357,69.02664357,62.50234462,62.50234462,69.5508299,69.1596119,69.1596119,65.12864196,65.12864196
0,8,50,70,69.38478814,64.93253029,64.88666347,65.42779765,65.42779765,66.92064951,66.92064951,62.6767507,63.53356713,63.53356713,63.53356713,63.53356713,57.28453266,57.28453266,57.28453266,57.28453266,62.06629097,63.29333429,65.38930561,69.29545479,69.33539326,68.90166227,64.72635368,53.99038057,55.92014657,66.28209599,66.28209599,69.22774656,69.22774656,69.22774656,69.55007076,69.55007076,69.55007076,68.43715611,68.43715611,62.43969404,62.43969404,69.55007076,69.22774656,69.22774656,64.88666347,64.88666347
0,9,0,70,69.26076645,65.10868384,64.92915956,65.17581258,65.17581258,67.01655676,67.01655676,63.01535364,63.4575992,63.4575992,63.4575992,63.4575992,57.41756921,57.41756921,57.41756921,57.41756921,61.82312175,63.13672469,65.47421759,69.32328577,69.2411376,68.62465397,64.85981889,54.19010407,55.93626212,66.19048177,66.19048177,69.21777109,69.21777109,69.21777109,69.74510157,69.74510157,69.74510157,69.11074867,69.11074867,62.29270654,62.29270654,69.74510157,69.21777109,69.21777109,64.92915956,64.92915956
0,9,10,70,69.25951661,65.26632718,65.38096405,65.03083819,65.03083819,67.19791667,67.19791667,62.40073529,63.35313403,63.35313403,63.35313403,63.35313403,57.33337343,57.33337343,57.33337343,57.33337343,61.88444383,62.6806155,65.0908615,69.12659351,69.39883518,68.48346732,64.39277822,53.57099835,55.87363226,66.12202823,66.12202823,69.46599217,69.46599217,69.46599217,69.78399586,69.78399586,69.78399586,68.71983505,68.71983505,62.24066438,62.24066438,69.78399586,69.46599217,69.46599217,65.38096405,65.38096405
0,9,20,70,69.28986462,65.08532109,65.16148231,65.02968226,65.02968226,66.69483252,66.69483252,61.24329482,62.93239106,62.93239106,62.93239106,62.93239106,57.41726929,57.41726929,57.41726929,57.41726929,62.05101356,63.2397649,65.21211409,69.16374845,69.11048969,67.97045252,63.98368648,52.75740361,55.80642006,66.39833642,66.39833642,69.23556342,69.23556342,69.23556342,69.24531022,69.24531022,69.24531022,68.06659407,68.06659407,62.37771809,62.37771809,69.24531022,69.23556342,69.23556342,65.16148231,65.16148231
0,9,30,70,69.35213567,64.75981686,64.77476556,64.62628952,64.62628952,66.61558415,66.61558415,61.21405812,62.70308828,62.70308828,62.70308828,62.70308828,57.11472652,57.11472652,57.11472652,57.11472652,61.64987245,62.39720047,64.91800025,68.98789135,69.18508543,67.64771435,64.2284437,53.25425806,55.91077882,66.33752887,66.33752887,69.22658321,69.22658321,69.22658321,69.64101703,69.64101703,69.64101703,67.72997413,67.72997413,61.79083217,61.79083217,69.64101703,69.22658321,69.22658321,64.77476556,64.77476556
0,9,40,70,69.49820894,65.33892521,65.33838626,64.73610669,64.73610669,66.32383578,66.32383578,60.83278478,62.71266971,62.71266971,62.71266971,62.71266971,57.13060341,57.13060341,57.13060341,57.13060341,61.73509028,62.45127218,64.8412739,69.13382034,69.26486767,67.45003854,64.41596164,53.00452687,55.85256718,66.22782196,66.22782196,69.40975707,69.40975707,69.40975707,69.651731,69.651731,69.651731,69.10007563,69.10007563,60.7065344,60.7065344,69.651731,69.40975707,69.40975707,65.33838626,65.33838626
0,9,50,70,69.51623088,65.10405782,65.08412724,64.7706865,64.7706865,67.19270833,67.19270833,62.0247549,62.74052964,62.74052964,62.74052964,62.74052964,57.03187691,57.03187691,57.03187691,57.03187691,62.32634579,62.9002662,64.90495559,69.16343375,68.94643742,67.2994509,64.07817453,52.61627405,55.56458092,66.20519853,66.20519853,69.25429628,69.25429628,69.25429628,69.71756393,69.71756393,69.71756393,68.13037239,68.13037239,60.34656129,60.34656129,69.71756393,69.25429628,69.25429628,65.08412724,65.08412724
0,10,0,70,69.32420047,64.84806974,64.64786186,64.14181697,64.14181697,66.8745098,66.8745098,61.23258303,62.44985464,62.44985464,62.44985464,62.44985464,57.23492807,57.23492807,57.23492807,57.23492807,61.8184228,62.30636214,64.79908317,69.03247106,68.9511461,65.71579439,63.18225709,53.08484691,55.56336216,65.99626861,65.99626861,69.09877991,69.09877991,69.09877991,69.60971331,69.60971331,69.60971331,67.66129239,67.66129239,60.90602879,60.90602879,69.60971331,69.09877991,69.09877991,64.64786186,64.64786186
0,10,10,70,69.48712881,65.02310192,64.97198956,64.35538932,64.35538932,66.95308123,66.95308123,61.68037215,62.27928829,62.27928829,62.27928829,62.27928829,56.75698076,56.75698076,56.75698076,56.75698076,61.3669265,62.19819498,64.57095353,68.92700669,68.73225307,66.50857713,63.3300681,52.49968466,55.47100588,65.69540108,65.69540108,68.70803477,68.70803477,68.70803477,69.2401811,69.2401811,69.2401811,67.6224028,67.6224028,60.31173976,60.31173976,69.2401811,68.70803477,68.70803477,64.97198956,64.97198956
0,10,20,70,69.45670823,65.03642294,64.96265985,64.37993287,64.37993287,67.2879902,67.2879902,60.98818277,62.34904045,62.34904045,62.34904045,62.34904045,57.00309167,57.00309167,57.00309167,57.00309167,61.02404451,61.59034122,64.44604414,68.71828652,68.3299461,65.82600791,63.48510802,52.43222602,56.02791681,66.55056327,66.55056327,68.78892058,68.78892058,68.78892058,69.48527406,69.48527406,69.48527406,68.52641463,68.52641463,59.28723532,59.28723532,69.48527406,68.78892058,68.78892058,64.96265985,64.96265985
0,10,30,70,69.46278743,64.95579613,64.86405939,64.19236048,64.19236048,66.64920343,66.64920343,61.83345588,62.57011987,62.57011987,62.57011987,62.57011987,57.01662944,57.01662944,57.01662944,57.01662944,60.81566646,61.47449647,64.19774354,68.74045439,68.94702206,68.58370815,63.43133435,52.03380134,56.01324999,66.9797833,66.9797833,68.82348768,68.82348768,68.82348768,69.64782241,69.64782241,69.64782241,67.13001159,67.13001159,55.79247914,55.79247914,69.64782241,68.82348768,68.82348768,64.86405939,64.86405939
0,10,40,70,69.28684512,64.88541005,64.8353847,63.67550147,63.67550147,66.77941176,66.77941176,61.79440943,61.95145335,61.95145335,61.95145335,61.95145335,56.62247571,56.62247571,56.62247571,56.62247571,60.30423573,60.84461631,63.98037531,68.73985127,69.23061329,68.60096042,63.23887337,52.1811587,56.63000131,67.13772485,67.13772485,68.7364682,68.7364682,68.7364682,69.24957232,69.24957232,69.24957232,65.11662711,65.11662711,53.03679765,53.03679765,69.24957232,68.7364682,68.7364682,64.8353847,64.8353847
0,10,50,70,69.41178957,65.04227836,64.99512443,63.99697444,63.99697444,64.12406046,64.12406046,59.22730342,61.91467715,61.91467715,61.91467715,61.91467715,56.47265565,56.47265565,56.47265565,56.47265565,60.8366389,61.24203681,64.16222335,68.91272226,69.28001747,68.53603219,62.55119387,51.49380734,56.5860743,66.73506406,66.73506406,68.28138502,68.28138502,68.28138502,68.56510634,68.56510634,68.56510634,63.46961983,63.46961983,52.14154578,52.14154578,68.56510634,68.28138502,68.28138502,64.99512443,64.99512443
0,11,0,70,69.34854987,64.85702144,64.73105996,63.83763359,63.83763359,64.29398148,64.29398148,59.91903011,62.21282726,62.21282726,62.21282726,62.21282726,56.9803918,56.9803918,56.9803918,56.9803918,61.42413004,61.65423881,64.20048366,69.10828712,69.35283583,68.68943882,63.12867975,51.6342006,56.52317043,66.90471168,66.90471168,68.85953386,68.85953386,68.85953386,69.56073431,69.56073431,69.56073431,65.3796052,65.3796052,53.71678376,53.71678376,69.56073431,68.85953386,68.85953386,64.73105996,64.73105996
0,11,10,70,69.39343254,64.66444929,64.56834506,63.8950802,63.8950802,62.44842729,62.44842729,58.54519725,62.07186245,62.07186245,62.07186245,62.07186245,56.32426456,56.32426456,56.32426456,56.32426456,60.21048657,60.74440572,63.99423717,68.58456138,69.10099092,68.32028826,62.91842405,51.71514722,56.26767277,67.59491731,67.59491731,68.62490991,68.62490991,68.62490991,69.12174092,69.12174092,69.12174092,66.54765474,66.54765474,55.12915048,55.12915048,69.12174092,68.62490991,68.62490991,64.56834506,64.56834506
0,11,20,70,69.35238416,64.50267754,64.35006216,63.61117735,63.61117735,62.33976716,62.33976716,57.7397584,60.38001247,60.38001247,60.38001247,60.38001247,56.48892926,56.48892926,56.48892926,56.48892926,61.28465745,61.46281301,64.05616028,68.13374089,67.97606866,67.1842729,62.0161947,51.01085692,55.88565531,66.37180185,66.37180185,68.59325961,68.59325961,68.59325961,69.37620677,69.37620677,69.37620677,65.90261067,65.90261067,53.42663907,53.42663907,69.37620677,68.59325961,68.59325961,64.35006216,64.35006216
0,11,30,70,69.4255772,64.65732808,64.44477429,63.52949451,63.52949451,62.4192402,62.4192402,58.13984594,60.9986222,60.9986222,60.9986222,60.9986222,56.29225977,56.29225977,56.29225977,56.29225977,61.81849317,61.73378262,63.05428099,67.48080861,67.54868056,67.2225348,60.59122654,50.14712509,54.56146868,64.57318016,64.57318016,67.96199259,67.96199259,67.96199259,69.15419552,69.15419552,69.15419552,64.85757415,64.85757415,49.14887314,49.14887314,69.15419552,67.96199259,67.96199259,64.44477429,64.44477429
0,11,40,70,69.34020097,64.81574561,64.68620702,63.47491499,63.47491499,62.94375681,62.94375681,56.56352124,60.49943992,60.49943992,60.49943992,60.49943992,55.77270136,55.77270136,55.77270136,55.77270136,61.63369463,61.60281189,62.41139879,66.66420475,66.59773371,65.95923243,60.29695249,49.91672212,54.56604616,64.31802523,64.31802523,68.0587326,68.0587326,68.0587326,68.90946517,68.90946517,68.90946517,62.01341635,62.01341635,43.85585034,43.85585034,68.90946517,68.0587326,68.0587326,64.68620702,64.68620702
0,11,50,70,69.38880055,64.4951915,64.37209612,63.19366199,63.19366199,63.14709967,63.14709967,56.67369281,59.83716749,59.83716749,59.83716749,59.83716749,55.43317389,55.43317389,55.43317389,55.43317389,61.77944575,61.59292634,62.79175117,67.59850429,67.7105045,65.53936292,60.38371595,49.95472634,54.2528385,64.76632698,64.76632698,67.83615468,67.83615468,67.83615468,68.8366473,68.8366473,68.8366473,58.68724575,58.68724575,41.53375211,41.53375211,68.8366473,67.83615468,67.83615468,64.37209612,64.37209612
0,12,0,70,69.15718553,64.62557549,64.55255044,63.24938615,63.24938615,62.49398148,62.49398148,56.34402914,58.7835138,58.7835138,58.7835138,58.7835138,55.6268717,55.6268717,55.6268717,55.6268717,61.79291611,61.37914439,62.6472959,67.47368711,67.6781691,66.26447795,61.6694551,50.45353354,54.57697634,64.44195654,64.44195654,67.05005176,67.05005176,67.05005176,67.75676067,67.75676067,67.75676067,59.09164727,59.09164727,42.2254164,42.2254164,67.75676067,67.05005176,67.05005176,64.55255044,64.55255044
0,12,10,70,69.43052948,65.02047634,64.81146455,63.01081582,63.01081582,60.63514434,60.63514434,56.72604167,57.94190987,57.94190987,57.94190987,57.94190987,55.71147247,55.71147247,55.71147247,55.71147247,61.35354804,60.94763079,63.2095438,68.29095458,68.65922937,67.45173142,61.70986032,49.64625912,53.81183142,64.15535264,64.15535264,67.12364431,67.12364431,67.12364431,68.25933059,68.25933059,68.25933059,56.82797992,56.82797992,43.47859668,43.47859668,68.25933059,67.12364431,67.12364431,64.81146455,64.81146455
0,12,20,70,69.1240406,64.39147291,63.86553886,62.42678067,62.42678067,59.38541667,59.38541667,58.28921569,56.81515777,56.81515777,56.81515777,56.81515777,56.13858723,56.13858723,56.13858723,56.13858723,61.39000731,60.78784953,62.55359387,67.43653044,68.4137509,68.25375622,62.33787191,49.75616449,53.58681672,64.51557636,64.51557636,66.44749247,66.44749247,66.44749247,66.89523288,66.89523288,66.89523288,56.99275864,56.99275864,40.87710969,40.87710969,66.89523288,66.44749247,66.44749247,63.86553886,63.86553886
0,12,30,70,69.2985446,64.56947286,64.1605481,62.93825738,62.93825738,57.88241422,57.88241422,56.64644608,55.96900637,55.96900637,55.96900637,55.96900637,56.03127076,56.03127076,56.03127076,56.03127076,60.95903253,60.2958391,62.28600759,66.46203335,67.01137326,66.34270998,60.79568871,49.50281752,53.85377567,64.79378172,64.79378172,64.9513084,64.9513084,64.9513084,65.56782278,65.56782278,65.56782278,54.87396743,54.87396743,36.72285463,36.72285463,65.56782278,64.9513084,64.9513084,64.1605481,64.1605481
0,12,40,70,69.21216038,64.34889628,63.9239166,62.76512211,62.76512211,57.92465278,57.92465278,56.38817402,56.15729772,56.15729772,56.15729772,56.15729772,56.16221335,56.16221335,56.16221335,56.16221335,61.66185177,61.30181893,61.44633918,65.53854808,66.610891,63.90137425,59.50749748,49.82495261,54.5229757,65.74884786,65.74884786,64.99206704,64.99206704,64.99206704,65.50818732,65.50818732,65.50818732,52.20373467,52.20373467,35.45496249,35.45496249,65.50818732,64.99206704,64.99206704,63.9239166,63.9239166
0,12,50,70,69.24934698,64.35485578,64.05276002,62.57280894,62.57280894,55.63204657,55.63204657,56.76930147,54.78003932,54.78003932,54.78003932,54.78003932,56.32347931,56.32347931,56.32347931,56.32347931,61.20149304,61.60384057,62.7046214,67.25646744,67.47294783,67.98119025,62.1376759,49.83109097,54.18664966,65.99785652,65.99785652,66.69252675,66.69252675,66.69252675,67.49493118,67.49493118,67.49493118,54.42509035,54.42509035,35.00717526,35.00717526,67.49493118,66.69252675,66.69252675,64.05276002,64.05276002
0,13,0,70,69.22688072,64.23124213,63.76740907,62.33691528,62.33691528,54.01796705,54.01796705,57.03648557,54.1283218,54.1283218,54.1283218,54.1283218,56.45724597,56.45724597,56.45724597,56.45724597,60.85084905,60.92397792,62.69394724,67.584056,67.33190199,67.94075339,62.64225651,50.45908952,54.76937325,66.01690179,66.01690179,67.27748574,67.27748574,67.27748574,68.25723051,68.25723051,68.25723051,56.96878573,56.96878573,35.49738372,35.49738372,68.25723051,67.27748574,67.27748574,63.76740907,63.76740907
0,13,10,70,69.40915884,64.65001921,64.46218741,62.69404368,62.69404368,56.98621324,56.98621324,56.81188725,54.08553476,54.08553476,54.08553476,54.08553476,56.35747339,56.35747339,56.35747339,56.35747339,61.28692159,60.9142557,62.69892888,67.60165584,67.56055488,67.95590244,61.61078453,49.99787394,54.39225214,65.18790442,65.18790442,66.57912926,66.57912926,66.57912926,68.21097452,68.21097452,68.21097452,57.36104912,57.36104912,37.45496766,37.45496766,68.21097452,66.57912926,66.57912926,64.46218741,64.46218741
0,13,20,70,69.32996369,64.48578964,64.27273906,62.54938804,62.54938804,56.37193627,56.37193627,57.22271242,54.25647171,54.25647171,54.25647171,54.25647171,56.03981335,56.03981335,56.03981335,56.03981335,58.27207934,58.9137732,62.88638922,67.48878409,67.75284094,68.25802372,61.51652881,49.79967369,54.91626503,65.2988644,65.2988644,66.37100818,66.37100818,66.37100818,67.41882988,67.41882988,67.41882988,53.71108565,53.71108565,33.93779875,33.93779875,67.41882988,66.37100818,66.37100818,64.27273906,64.27273906
0,13,30,70,69.44551812,64.67567136,64.05940963,61.88610149,61.88610149,58.08827614,58.08827614,56.23024918,53.93673678,53.93673678,53.93673678,53.93673678,56.08739249,56.08739249,56.08739249,56.08739249,56.66299186,58.10946712,62.52826022,67.60673889,67.39199771,68.0402572,61.3067264,50.07465487,54.40031876,62.2808701,62.2808701,65.81248982,65.81248982,65.81248982,66.49373722,66.49373722,66.49373722,51.78260468,51.78260468,31.99052707,31.99052707,66.49373722,65.81248982,65.81248982,64.05940963,64.05940963
0,13,40,70,69.45232843,64.59351298,63.91223152,61.22543736,61.22543736,57.55565768,57.55565768,53.62751906,53.18901841,53.18901841,53.18901841,53.18901841,56.55838372,56.55838372,56.55838372,56.55838372,60.65602195,60.53222835,62.38330586,66.97550841,67.47453597,68.0294877,60.47913293,50.48354884,55.37776653,63.89408425,63.89408425,65.48369632,65.48369632,65.48369632,65.88925526,65.88925526,65.88925526,52.74822933,52.74822933,31.99353074,31.99353074,65.88925526,65.48369632,65.48369632,63.91223152,63.91223152
0,13,50,70,69.30843636,64.41093337,64.20913257,61.22877867,61.22877867,51.01100899,51.01100899,52.60927288,53.37387623,53.37387623,53.37387623,53.37387623,56.82316961,56.82316961,56.82316961,56.82316961,60.05955226,59.79898751,62.10949209,66.84609051,67.41124288,68.30433936,60.16465657,50.55049068,55.42080516,63.71026409,63.71026409,66.69303318,66.69303318,66.69303318,67.447569,67.447569,67.447569,53.96522391,53.96522391,31.49008714,31.49008714,67.447569,66.69303318,66.69303318,64.20913257,64.20913257
0,14,0,70,69.41409405,64.16846954,62.86394039,60.10821599,60.10821599,53.03768382,53.03768382,52.68773829,53.50723782,53.50723782,53.50723782,53.50723782,56.66479815,56.66479815,56.66479815,56.66479815,57.99341888,57.92959559,62.76668719,67.84864735,67.6944562,67.93901474,60.66363461,50.65473679,54.85884028,64.31268643,64.31268643,67.49557892,67.49557892,67.49557892,68.53453283,68.53453283,68.53453283,57.93913823,57.93913823,36.65840217,36.65840217,68.53453283,67.49557892,67.49557892,62.86394039,62.86394039
0,14,10,70,69.38614433,64.11843372,62.06994885,59.03600228,59.03600228,53.84010757,53.84010757,52.11919254,52.7567858,52.7567858,52.7567858,52.7567858,56.4830855,56.4830855,56.4830855,56.4830855,61.97500836,61.27413215,63.15754237,68.02060635,68.38618527,68.18131154,60.90813286,50.45521653,54.86283199,65.10913735,65.10913735,67.63924719,67.63924719,67.63924719,68.48299707,68.48299707,68.48299707,59.46146389,59.46146389,39.14914948,39.14914948,68.48299707,67.63924719,67.63924719,62.06994885,62.06994885
0,14,20,70,69.23304368,63.0017324,61.81433824,59.52388763,59.52388763,50.41386555,50.41386555,53.40906863,52.29719407,52.29719407,52.29719407,52.29719407,56.58413857,56.58413857,56.58413857,56.58413857,58.24821142,58.17757134,62.59704604,67.69780875,68.67046415,67.95102376,60.42627582,48.97750717,53.44121435,65.20387817,65.20387817,67.38808154,67.38808154,67.38808154,68.2533861,68.2533861,68.2533861,59.90283213,59.90283213,40.39534265,40.39534265,68.2533861,67.38808154,67.38808154,61.81433824,61.81433824
0,14,30,70,68.77053349,62.33060277,61.43554632,58.19277734,58.19277734,48.78216912,48.78216912,54.20243056,52.00310807,52.00310807,52.00310807,52.00310807,56.43609607,56.43609607,56.43609607,56.43609607,56.67943511,58.27817752,62.55536809,67.76758247,68.63150089,67.94503091,60.95955719,47.7827496,52.54504688,64.34892591,64.34892591,66.7658019,66.7658019,66.7658019,67.98845705,67.98845705,67.98845705,60.3876797,60.3876797,40.58448919,40.58448919,67.98845705,66.7658019,66.7658019,61.43554632,61.43554632
0,14,40,70,68.60792335,62.20910391,60.24195972,58.6176939,58.6176939,47.75408497,47.75408497,53.46231618,51.50527107,51.50527107,51.50527107,51.50527107,56.27675963,56.27675963,56.27675963,56.27675963,61.62523158,61.10532643,62.60228916,67.43211935,67.95090614,67.7414337,60.11274324,47.86920555,53.49002406,62.11909261,62.11909261,66.49677455,66.49677455,66.49677455,68.10770344,68.10770344,68.10770344,59.40357826,59.40357826,39.31467689,39.31467689,68.10770344,66.49677455,66.49677455,60.24195972,60.24195972
0,14,50,70,68.82306407,61.87643037,60.00705771,58.97534268,58.97534268,48.44803241,48.44803241,53.92858796,50.7947465,50.7947465,50.7947465,50.7947465,56.25058055,56.25058055,56.25058055,56.25058055,60.98142575,61.10439041,62.27220728,67.20305863,67.42675646,67.87266361,60.45373811,48.07250201,53.17594117,62.7164582,62.7164582,66.22980176,66.22980176,66.22980176,67.5714431,67.5714431,67.5714431,58.35140973,58.35140973,36.19196692,36.19196692,67.5714431,66.22980176,66.22980176,60.00705771,60.00705771
0,15,0,70,68.97873941,61.95004289,59.72904597,58.91312404,58.91312404,47.30120507,47.30120507,52.77175245,50.52344042,50.52344042,50.52344042,50.52344042,55.85578075,55.85578075,55.85578075,55.85578075,61.72483385,60.91366573,61.70516041,66.34017734,67.29026663,67.84447532,59.54959494,48.75546551,53.64932989,62.84207735,62.84207735,66.78086578,66.78086578,66.78086578,68.01679879,68.01679879,68.01679879,60.63986615,60.63986615,35.59670871,35.59670871,68.01679879,66.78086578,66.78086578,59.72904597,59.72904597
0,15,10,70,68.75192374,61.31307057,57.90976122,56.1628007,56.1628007,50.05698529,50.05698529,52.65194036,49.89866828,49.89866828,49.89866828,49.89866828,55.46171452,55.46171452,55.46171452,55.46171452,61.37384727,60.72124456,61.38267043,66.32205859,66.7548371,67.45317658,59.64068982,47.8618585,51.1593388,62.82687713,62.82687713,65.83731263,65.83731263,65.83731263,68.04431249,68.04431249,68.04431249,60.89819745,60.89819745,36.59364975,36.59364975,68.04431249,65.83731263,65.83731263,57.90976122,57.90976122
0,15,20,70,68.08805015,60.48665669,57.29307598,51.96332267,51.96332267,46.91552288,46.91552288,52.3583878,49.94325146,49.94325146,49.94325146,49.94325146,55.16097964,55.16097964,55.16097964,55.16097964,61.08408285,60.60150693,61.26736507,66.11456563,66.90690236,67.54321798,59.81322235,48.07397696,50.60764847,61.40835731,61.40835731,65.17566594,65.17566594,65.17566594,67.43478659,67.43478659,67.43478659,60.29098435,60.29098435,36.88903947,36.88903947,67.43478659,65.17566594,65.17566594,57.29307598,57.29307598
0,15,30,70,67.82916272,60.81951844,55.89706625,49.9467411,49.9467411,46.6651348,46.6651348,53.58835784,49.91964408,49.91964408,49.91964408,49.91964408,55.19958708,55.19958708,55.19958708,55.19958708,61.65901412,61.05256654,61.15021189,66.16046291,66.42862235,67.55993425,58.72536813,46.17219087,48.86120538,58.91432499,58.91432499,65.10580051,65.10580051,65.10580051,66.97714027,66.97714027,66.97714027,59.5038979,59.5038979,35.85295605,35.85295605,66.97714027,65.10580051,65.10580051,55.89706625,55.89706625
0,15,40,70,66.93501542,61.55231909,56.30696673,51.40359931,51.40359931,48.17738971,48.17738971,52.75367647,50.16938836,50.16938836,50.16938836,50.16938836,54.97581468,54.97581468,54.97581468,54.97581468,61.37383165,60.366798,59.95069318,63.94509836,64.11466026,66.87180225,58.18246658,44.24121254,46.81949978,58.57467201,58.57467201,64.68499319,64.68499319,64.68499319,66.91894978,66.91894978,66.91894978,58.43157833,58.43157833,36.68804272,36.68804272,66.91894978,64.68499319,64.68499319,56.30696673,56.30696673
0,15,50,70,67.73695997,61.03146917,56.77591355,51.24100399,51.24100399,51.26830065,51.26830065,52.26868873,50.22936957,50.22936957,50.22936957,50.22936957,54.82659349,54.82659349,54.82659349,54.82659349,61.09217879,60.0003759,58.76163846,62.22491669,62.27706477,63.52314806,55.75495024,43.14663266,47.38703563,59.01205075,59.01205075,64.80074867,64.80074867,64.80074867,67.46254506,67.46254506,67.46254506,57.16844836,57.16844836,39.31273066,39.31273066,67.46254506,64.80074867,64.80074867,56.77591355,56.77591355
0,16,0,70,68.16366065,61.65162232,58.18099562,53.90516294,53.90516294,49.70863971,49.70863971,52.77818627,50.56799496,50.56799496,50.56799496,50.56799496,54.56972653,54.56972653,54.56972653,54.56972653,60.73935875,57.63680056,59.46762344,62.77260438,62.44237319,61.16348401,54.63837124,42.80072681,46.65015198,56.54067512,56.54067512,65.47714214,65.47714214,65.47714214,67.56063814,67.56063814,67.56063814,58.44470913,58.44470913,39.88965562,39.88965562,67.56063814,65.47714214,65.47714214,58.18099562,58.18099562
0,16,10,70,68.84012696,61.25236691,57.33923797,52.20313067,52.20313067,50.99816176,50.99816176,52.95526961,50.68904876,50.68904876,50.68904876,50.68904876,55.22418079,55.22418079,55.22418079,55.22418079,61.55380402,56.9803659,59.74621646,63.39833614,62.83464056,60.08190452,53.62712614,42.72430905,47.14662546,58.29428361,58.29428361,65.22813161,65.22813161,65.22813161,67.49384755,67.49384755,67.49384755,59.81473304,59.81473304,40.75479465,40.75479465,67.49384755,65.22813161,65.22813161,57.33923797,57.33923797
0,16,20,70,65.72421647,57.13863676,52.22558118,48.96122118,48.96122118,48.34528186,48.34528186,53.4594567,50.74155365,50.74155365,50.74155365,50.74155365,54.66382053,54.66382053,54.66382053,54.66382053,61.36122257,60.23167176,59.26492267,61.89719523,61.91658234,59.54770607,51.54066646,40.91596507,45.5244524,57.48981041,57.48981041,64.26514082,64.26514082,64.26514082,67.02096892,67.02096892,67.02096892,59.86476029,59.86476029,41.12279687,41.12279687,67.02096892,64.26514082,64.26514082,52.22558118,52.22558118
0,16,30,70,64.28613722,55.41755952,49.89330251,46.31342479,46.31342479,47.3690768,47.3690768,53.87879902,50.5111625,50.5111625,50.5111625,50.5111625,54.37983874,54.37983874,54.37983874,54.37983874,61.77278578,60.19269666,57.27309832,59.4465089,59.35798664,56.05970994,49.5828593,40.4915328,45.28382963,55.9425416,55.9425416,63.8532849,63.8532849,63.8532849,66.21879986,66.21879986,66.21879986,60.38456346,60.38456346,41.67243268,41.67243268,66.21879986,63.8532849,63.8532849,49.89330251,49.89330251
0,16,40,70,65.99864552,54.26425362,47.33504716,44.53027074,44.53027074,46.17647059,46.17647059,52.71599265,49.67800284,49.67800284,49.67800284,49.67800284,54.51261698,54.51261698,54.51261698,54.51261698,61.45341194,60.88013705,55.41853804,58.38922336,58.4736997,55.39120605,49.61359052,39.49167417,42.74150832,53.74064357,53.74064357,63.23267935,63.23267935,63.23267935,65.09246947,65.09246947,65.09246947,60.05040887,60.05040887,41.06868148,41.06868148,65.09246947,63.23267935,63.23267935,47.33504716,47.33504716
0,16,50,70,65.66069275,53.53155473,48.60082203,45.16783656,45.16783656,48.28982843,48.28982843,53.48472222,49.70527137,49.70527137,49.70527137,49.70527137,53.93719393,53.93719393,53.93719393,53.93719393,61.09810875,59.08366352,55.92586194,58.17660713,58.39675373,53.44915891,48.21830531,38.9547726,42.25951026,54.5725856,54.5725856,62.52682994,62.52682994,62.52682994,64.87397685,64.87397685,64.87397685,59.2654741,59.2654741,41.42620513,41.42620513,64.87397685,62.52682994,62.52682994,48.60082203,48.60082203
0,17,0,70,65.77620352,54.72697008,46.46063206,44.75684799,44.75684799,52.37109886,52.37109886,52.91245915,49.93371519,49.93371519,49.93371519,49.93371519,53.31620869,53.31620869,53.31620869,53.31620869,60.28562968,58.81146042,56.34737235,58.67422728,58.2479377,52.2530385,46.70545582,38.37085531,42.7298204,53.93960616,53.93960616,62.07909125,62.07909125,62.07909125,65.03605772,65.03605772,65.03605772,59.97903919,59.97903919,42.05321188,42.05321188,65.03605772,62.07909125,62.07909125,46.46063206,46.46063206
0,17,10,70,62.31384071,52.02193557,46.23381982,45.13652415,45.13652415,55.09252451,55.09252451,52.8500817,50.34266087,50.34266087,50.34266087,50.34266087,52.31034781,52.31034781,52.31034781,52.31034781,59.72343902,59.15428703,53.17259621,55.92140869,55.98195557,52.59846891,47.766587,38.64313292,42.99786404,55.06167489,55.06167489,60.58804408,60.58804408,60.58804408,63.48271263,63.48271263,63.48271263,59.81442403,59.81442403,41.56086598,41.56086598,63.48271263,60.58804408,60.58804408,46.23381982,46.23381982
0,17,20,70,59.67332272,50.00013301,43.0842246,42.96432462,42.96432462,53.05648148,53.05648148,54.34708606,51.23680589,51.23680589,51.23680589,51.23680589,50.64832521,50.64832521,50.64832521,50.64832521,57.70984956,56.31830019,50.07006596,52.3446239,51.73256165,49.26033493,45.30515751,36.73663317,41.90550187,52.77921885,52.77921885,60.54626258,60.54626258,60.54626258,62.84235226,62.84235226,62.84235226,55.87445304,55.87445304,40.87930503,40.87930503,62.84235226,60.54626258,60.54626258,43.0842246,43.0842246
0,17,30,70,57.42394791,46.76586397,42.04059435,42.24851684,42.24851684,50.92749183,50.92749183,51.20298203,51.06299914,51.06299914,51.06299914,51.06299914,49.01628737,49.01628737,49.01628737,49.01628737,55.43322252,55.11355715,50.01319437,51.00546195,50.9673385,50.76729893,45.34355458,36.54185189,41.74495986,54.40713067,54.40713067,58.97990369,58.97990369,58.97990369,60.97756719,60.97756719,60.97756719,55.22421251,55.22421251,39.98485116,39.98485116,60.97756719,58.97990369,58.97990369,42.04059435,42.04059435
0,17,40,70,58.03083705,47.49247546,42.35865085,43.05045275,43.05045275,48.71069581,48.71069581,51.08649918,50.78644815,50.78644815,50.78644815,50.78644815,49.60039023,49.60039023,49.60039023,49.60039023,54.71757953,53.90092518,50.35411038,52.00836488,50.36093195,50.07750167,43.68483918,35.34500031,41.05498466,50.43914395,50.43914395,58.84891421,58.84891421,58.84891421,61.03686156,61.03686156,61.03686156,55.14799509,55.14799509,37.07991382,37.07991382,61.03686156,58.84891421,58.84891421,42.35865085,42.35865085
0,17,50,70,57.69344793,45.87773337,41.70799062,42.20109208,42.20109208,49.62399918,49.62399918,52.21683007,51.61740548,51.61740548,51.61740548,51.61740548,50.78135938,50.78135938,50.78135938,50.78135938,54.59351606,53.85741925,51.79878611,52.54098394,49.10723736,49.57735657,43.76820655,35.43849739,39.56587137,49.46354552,49.46354552,58.7868948,58.7868948,58.7868948,61.28285646,61.28285646,61.28285646,56.61585457,56.61585457,37.66188708,37.66188708,61.28285646,58.7868948,58.7868948,41.70799062,41.70799062
0,18,0,70,57.49846551,45.55624754,42.38910428,44.71100785,44.71100785,56.62928922,56.62928922,53.64980392,53.42366818,53.42366818,53.42366818,53.42366818,50.70150921,50.70150921,50.70150921,50.70150921,54.16227392,53.58190584,53.02035849,53.21385364,50.12189219,50.40535414,45.90163921,36.97319358,41.05208109,51.00844093,51.00844093,60.58114768,60.58114768,60.58114768,62.30600356,62.30600356,62.30600356,56.94983213,56.94983213,39.35044641,39.35044641,62.30600356,60.58114768,60.58114768,42.38910428,42.38910428
0,18,10,70,56.6069963,44.21166232,40.04347334,43.81358592,43.81358592,55.89776961,55.89776961,53.94669118,54.72583951,54.72583951,54.72583951,54.72583951,50.97733206,50.97733206,50.97733206,50.97733206,54.11237219,52.82745919,51.29078006,51.7113653,51.51910239,50.13392871,45.85176133,37.77641592,42.2046868,52.72414007,52.72414007,60.58892726,60.58892726,60.58892726,62.63207228,62.63207228,62.63207228,57.22109445,57.22109445,40.54678528,40.54678528,62.63207228,60.58892726,60.58892726,40.04347334,40.04347334
0,18,20,70,55.75035353,39.57314426,36.82928365,43.36855937,43.36855937,53.9001634,53.9001634,51.50821954,54.40440009,54.40440009,54.40440009,54.40440009,51.02257077,51.02257077,51.02257077,51.02257077,55.13436201,54.13272373,50.76127522,50.20857302,51.00509968,51.97758198,46.9626924,38.16299679,43.64305529,53.5711757,53.5711757,61.2995389,61.2995389,61.2995389,63.72412851,63.72412851,63.72412851,55.87830803,55.87830803,39.66157137,39.66157137,63.72412851,61.2995389,61.2995389,36.82928365,36.82928365
0,18,30,70,54.46933777,39.15210219,36.53394051,42.30625227,42.30625227,52.68290441,52.68290441,53.33363971,53.99451011,53.99451011,53.99451011,53.99451011,50.69499583,50.69499583,50.69499583,50.69499583,55.23987922,55.97665509,51.09424437,51.85130929,52.64381583,53.71352134,48.55506285,39.37007582,44.85226818,54.82838944,54.82838944,61.99760576,61.99760576,61.99760576,64.26147869,64.26147869,64.26147869,55.63065639,55.63065639,40.09385338,40.09385338,64.26147869,61.99760576,61.99760576,36.53394051,36.53394051
0,18,40,70,54.1631212,43.0506704,39.63931038,43.67733637,43.67733637,54.6596201,54.6596201,52.04348448,54.45991001,54.45991001,54.45991001,54.45991001,50.82592411,50.82592411,50.82592411,50.82592411,57.06736285,56.46556772,51.69129846,54.1097353,54.57065481,56.03257695,48.79747674,39.63343862,45.13498948,54.18711187,54.18711187,63.2761183,63.2761183,63.2761183,65.66988554,65.66988554,65.66988554,55.98319156,55.98319156,41.29095641,41.29095641,65.66988554,63.2761183,63.2761183,39.63931038,39.63931038
0,18,50,70,54.23712827,43.66926159,41.62750111,45.12695284,45.12695284,53.1841299,53.1841299,52.50306373,55.6205335,55.6205335,55.6205335,55.6205335,52.63082257,52.63082257,52.63082257,52.63082257,57.45588505,57.7779285,53.2775523,54.75347095,57.02878058,60.84202375,51.1860867,40.70817456,45.34194492,54.57672526,54.57672526,62.92412545,62.92412545,62.92412545,65.57484468,65.57484468,65.57484468,55.32149356,55.32149356,42.10331525,42.10331525,65.57484468,62.92412545,62.92412545,41.62750111,41.62750111
0,19,0,70,54.50869443,44.97903753,42.7985127,46.461831,46.461831,56.43382353,56.43382353,55.0813317,56.58417028,56.58417028,56.58417028,56.58417028,52.98579189,52.98579189,52.98579189,52.98579189,56.85489029,57.77620599,55.58572011,56.86270847,58.28051903,58.82013045,51.3538659,42.66718715,48.65881978,56.23678539,56.23678539,64.33037984,64.33037984,64.33037984,66.92054539,66.92054539,66.92054539,55.34708685,55.34708685,44.63352007,44.63352007,66.92054539,64.33037984,64.33037984,42.7985127,42.7985127
0,19,10,70,54.10038981,44.78966114,41.00918561,46.04285358,46.04285358,57.84799837,57.84799837,55.92585784,56.63544195,56.63544195,56.63544195,56.63544195,53.17922772,53.17922772,53.17922772,53.17922772,58.00137398,58.6832084,57.82530128,60.33364791,62.22190402,60.39508026,52.38526801,44.16779358,49.99435217,58.11421828,58.11421828,64.80562633,64.80562633,64.80562633,66.53285498,66.53285498,66.53285498,59.07976716,59.07976716,45.66440582,45.66440582,66.53285498,64.80562633,64.80562633,41.00918561,41.00918561
0,19,20,70,51.42131973,42.2284518,39.65673648,44.66958174,44.66958174,57.59493464,57.59493464,53.60232843,55.22367664,55.22367664,55.22367664,55.22367664,52.77667656,52.77667656,52.77667656,52.77667656,58.92359266,57.88211797,59.34811016,61.97254479,64.27007673,63.75474099,53.8667837,45.52435292,50.32177994,58.49075366,58.49075366,64.17306512,64.17306512,64.17306512,66.06295271,66.06295271,66.06295271,57.06266464,57.06266464,45.06322475,45.06322475,66.06295271,64.17306512,64.17306512,39.65673648,39.65673648
0,19,30,70,51.28579578,41.59945811,38.58368984,44.38600672,44.38600672,58.7496355,58.7496355,55.63020833,55.51267429,55.51267429,55.51267429,55.51267429,54.44517868,54.44517868,54.44517868,54.44517868,59.34198795,59.00215201,59.82962064,63.02457502,64.88114926,64.24448381,54.78023938,46.47390702,52.09929939,60.84797894,60.84797894,64.64089536,64.64089536,64.64089536,66.7833124,66.7833124,66.7833124,56.48335197,56.48335197,45.66082049,45.66082049,66.7833124,64.64089536,64.64089536,38.58368984,38.58368984
0,19,40,70,52.22429675,42.17382042,40.05857843,45.29263912,45.29263912,59.33125,59.33125,54.05514706,54.39997614,54.39997614,54.39997614,54.39997614,54.0732848,54.0732848,54.0732848,54.0732848,59.41682423,58.64068109,59.40518406,62.95751593,64.67451868,64.1478315,55.36679901,46.69420956,51.45023954,61.76410755,61.76410755,63.73285064,63.73285064,63.73285064,65.96425537,65.96425537,65.96425537,58.83878324,58.83878324,42.68478338,42.68478338,65.96425537,63.73285064,63.73285064,40.05857843,40.05857843
0,19,50,70,52.56976482,43.02725787,40.77829211,45.51865695,45.51865695,54.0994213,54.0994213,54.79415169,54.95178898,54.95178898,54.95178898,54.95178898,54.50611857,54.50611857,54.50611857,54.50611857,59.80015006,60.29806766,59.42303612,62.88585659,64.53184862,63.3674114,54.84415191,46.59445213,51.73849456,60.69406261,60.69406261,65.64275287,65.64275287,65.64275287,68.1599782,68.1599782,68.1599782,58.31669554,58.31669554,42.79000395,42.79000395,68.1599782,65.64275287,65.64275287,40.77829211,40.77829211
0,20,0,70,53.31447269,43.22395038,42.11042224,46.93174749,46.93174749,52.75767974,52.75767974,53.73498775,55.64147699,55.64147699,55.64147699,55.64147699,54.5089502,54.5089502,54.5089502,54.5089502,61.62319787,61.66791572,60.2571437,63.64884095,65.0314576,63.38437711,55.96726393,47.3700098,52.01969045,61.59743585,61.59743585,65.49355792,65.49355792,65.49355792,68.03858579,68.03858579,68.03858579,58.34663407,58.34663407,44.15625036,44.15625036,68.03858579,65.49355792,65.49355792,42.11042224,42.11042224
0,20,10,70,53.66863038,41.58246064,40.58187574,45.39502882,45.39502882,48.80535131,48.80535131,52.60634532,55.18196887,55.18196887,55.18196887,55.18196887,54.58803526,54.58803526,54.58803526,54.58803526,61.14961234,61.53714767,60.80817264,63.75671077,64.75574478,63.37683252,56.34735588,47.07954724,52.40856404,62.61679226,62.61679226,64.96297127,64.96297127,64.96297127,67.1579432,67.1579432,67.1579432,57.59583092,57.59583092,45.63470396,45.63470396,67.1579432,64.96297127,64.96297127,40.58187574,40.58187574
0,20,20,70,52.47481111,39.43454327,39.81073471,45.8988922,45.8988922,50.55573938,50.55573938,52.04503676,55.30074741,55.30074741,55.30074741,55.30074741,53.14178493,53.14178493,53.14178493,53.14178493,58.48180972,59.30533141,60.26472443,62.80520265,63.19120767,60.17254383,54.45288574,45.85703602,51.58136293,61.65441644,61.65441644,62.29560025,62.29560025,62.29560025,65.50560993,65.50560993,65.50560993,56.11867719,56.11867719,46.1754289,46.1754289,65.50560993,62.29560025,62.29560025,39.81073471,39.81073471
0,20,30,70,53.5179198,38.37890535,38.78525884,46.99063408,46.99063408,56.6758238,56.6758238,52.11056645,56.25744879,56.25744879,56.25744879,56.25744879,54.62723303,54.62723303,54.62723303,54.62723303,60.48947637,60.82056467,62.24148669,65.86137153,65.86562089,63.69501781,57.44720813,46.53100841,52.18607229,62.14529651,62.14529651,64.17686344,64.17686344,64.17686344,66.44088462,66.44088462,66.44088462,54.26791365,54.26791365,45.80759769,45.80759769,66.44088462,64.17686344,64.17686344,38.78525884,38.78525884
0,20,40,70,53.48624403,37.29323915,38.98131127,48.2945477,48.2945477,52.78668301,52.78668301,54.5250817,55.81186161,55.81186161,55.81186161,55.81186161,54.96036151,54.96036151,54.96036151,54.96036151,61.11107776,61.80178044,63.29554933,67.14256576,66.38549405,64.23806612,58.80323582,46.78184581,52.16434896,64.1674698,64.1674698,65.31439396,65.31439396,65.31439396,67.47050091,67.47050091,67.47050091,56.0860335,56.0860335,46.79006711,46.79006711,67.47050091,65.31439396,65.31439396,38.98131127,38.98131127
0,20,50,70,55.45071643,38.81604162,38.87451537,48.92734205,48.92734205,55.18306781,55.18306781,54.23423203,56.26230917,56.26230917,56.26230917,56.26230917,54.78110264,54.78110264,54.78110264,54.78110264,61.70560443,61.84770408,62.96405357,66.6038375,65.81986733,64.72722523,60.04479739,47.62115113,53.35927395,65.77585339,65.77585339,65.55783489,65.55783489,65.55783489,67.08341241,67.08341241,67.08341241,58.06854349,58.06854349,47.53207132,47.53207132,67.08341241,65.55783489,65.55783489,38.87451537,38.87451537
0,21,0,70,58.09577559,42.67244601,40.41918336,50.69809883,50.69809883,55.83291317,55.83291317,56.45021008,57.4970844,57.4970844,57.4970844,57.4970844,55.08637573,55.08637573,55.08637573,55.08637573,59.72089541,59.60295881,62.63704432,66.50059497,65.43826157,64.29513185,59.91383647,47.7523379,52.46478782,65.85040012,65.85040012,66.14046093,66.14046093,66.14046093,67.49726378,67.49726378,67.49726378,59.47229898,59.47229898,49.56355027,49.56355027,67.49726378,66.14046093,66.14046093,40.41918336,40.41918336
0,21,10,70,59.60141262,44.66010587,44.22599282,52.12003102,52.12003102,55.62149276,55.62149276,57.81202148,56.70408169,56.70408169,56.70408169,56.70408169,54.57864302,54.57864302,54.57864302,54.57864302,60.32442477,60.36561625,62.14780573,65.70479753,64.94170114,65.26594794,60.11270723,46.97716124,52.64314417,66.02253275,66.02253275,65.37347197,65.37347197,65.37347197,66.88203437,66.88203437,66.88203437,61.31612268,61.31612268,49.64939905,49.64939905,66.88203437,65.37347197,65.37347197,44.22599282,44.22599282
0,21,20,70,60.12886882,46.21089493,46.77673167,54.23576223,54.23576223,55.63929155,55.63929155,58.06891923,57.64516054,57.64516054,57.64516054,57.64516054,54.21823699,54.21823699,54.21823699,54.21823699,60.84454936,61.64996332,62.13926735,65.30986835,64.39319892,65.34108458,60.05495698,46.47257684,52.56664672,65.29391592,65.29391592,64.39828228,64.39828228,64.39828228,66.09023055,66.09023055,66.09023055,60.49196196,60.49196196,49.56041783,49.56041783,66.09023055,64.39828228,64.39828228,46.77673167,46.77673167
0,21,30,70,61.35529422,47.04349162,47.12848465,54.86137236,54.86137236,59.13707983,59.13707983,59.79910714,59.16386245,59.16386245,59.16386245,59.16386245,54.4868464,54.4868464,54.4868464,54.4868464,61.19576331,61.81980042,61.50499361,65.07346073,64.38646217,64.59287121,59.85521408,46.94571732,52.71700664,65.44323143,65.44323143,62.92901489,62.92901489,62.92901489,64.45768755,64.45768755,64.45768755,61.04449779,61.04449779,49.81916659,49.81916659,64.45768755,62.92901489,62.92901489,47.12848465,47.12848465
0,21,40,70,62.51312598,50.95338875,49.40925867,55.854913,55.854913,65.07878151,65.07878151,61.62368697,60.32772359,60.32772359,60.32772359,60.32772359,54.54777162,54.54777162,54.54777162,54.54777162,61.3548631,62.33899786,62.60856674,66.16397908,65.52515251,66.25163406,60.23180481,46.34180795,52.58206366,65.09439577,65.09439577,63.47712817,63.47712817,63.47712817,64.04013036,64.04013036,64.04013036,60.71088294,60.71088294,51.8071538,51.8071538,64.04013036,63.47712817,63.47712817,49.40925867,49.40925867
0,21,50,70,61.81453315,49.5449864,48.93334932,56.62833753,56.62833753,65.02582283,65.02582283,61.95340219,61.49404554,61.49404554,61.49404554,61.49404554,55.30890041,55.30890041,55.30890041,55.30890041,61.29021692,62.54790062,63.18330478,67.04786732,66.35623102,66.68226761,60.86253311,47.57575849,52.86711803,64.22575028,64.22575028,65.24559389,65.24559389,65.24559389,65.66166293,65.66166293,65.66166293,61.01817676,61.01817676,51.70559367,51.70559367,65.66166293,65.24559389,65.24559389,48.93334932,48.93334932
0,22,0,70,63.53736406,51.0741452,50.00070332,57.05680754,57.05680754,65.6227591,65.6227591,62.23883053,61.75119304,61.75119304,61.75119304,61.75119304,55.60284038,55.60284038,55.60284038,55.60284038,61.73109109,62.6344457,63.81688875,67.73892368,67.22457794,67.56208969,62.12212196,49.3747514,53.81634776,65.82085674,65.82085674,64.34844076,64.34844076,64.34844076,66.06664552,66.06664552,66.06664552,65.36680797,65.36680797,53.98553283,53.98553283,66.06664552,64.34844076,64.34844076,50.00070332,50.00070332
0,22,10,70,64.91934787,54.58390796,52.77988287,58.00146254,58.00146254,65.76621148,65.76621148,62.03890056,61.62723581,61.62723581,61.62723581,61.62723581,55.4230754,55.4230754,55.4230754,55.4230754,61.78557019,62.43693574,63.41829116,67.5861015,67.07169804,66.9261635,61.4659432,48.97530504,53.77372957,65.2810571,65.2810571,65.5297784,65.5297784,65.5297784,67.55292166,67.55292166,67.55292166,66.0770921,66.0770921,55.02519269,55.02519269,67.55292166,65.5297784,65.5297784,52.77988287,52.77988287
0,22,20,70,66.32088999,58.05150533,56.42072564,59.77539375,59.77539375,65.61856618,65.61856618,62.57077206,61.75392213,61.75392213,61.75392213,61.75392213,55.29059311,55.29059311,55.29059311,55.29059311,61.49587835,62.32457733,63.53273101,66.97991422,66.96230389,66.70288405,61.00957821,48.75255637,53.69166622,65.13260152,65.13260152,65.65844642,65.65844642,65.65844642,67.27887116,67.27887116,67.27887116,66.28757781,66.28757781,55.39229582,55.39229582,67.27887116,65.65844642,65.65844642,56.42072564,56.42072564
0,22,30,70,67.45395002,59.77968678,58.46488171,60.82297297,60.82297297,66.69795168,66.69795168,63.25544468,62.70661464,62.70661464,62.70661464,62.70661464,55.83875583,55.83875583,55.83875583,55.83875583,62.05136805,63.19504802,63.50596279,66.80857931,66.72971136,65.66213447,60.92233357,49.55476763,54.42261816,65.82772155,65.82772155,66.55517566,66.55517566,66.55517566,67.97005651,67.97005651,67.97005651,66.15258539,66.15258539,57.35039318,57.35039318,67.97005651,66.55517566,66.55517566,58.46488171,58.46488171
0,22,40,70,67.97027641,60.81055241,61.08902387,62.46355768,62.46355768,66.28160014,66.28160014,62.98336835,62.77587366,62.77587366,62.77587366,62.77587366,56.35008912,56.35008912,56.35008912,56.35008912,62.5577556,63.70385154,63.72134119,67.17000462,66.8277203,66.49201913,62.67430064,50.78902786,55.99342926,68.05543191,68.05543191,67.62134352,67.62134352,67.62134352,68.72182106,68.72182106,68.72182106,66.64247205,66.64247205,58.23960344,58.23960344,68.72182106,67.62134352,67.62134352,61.08902387,61.08902387
0,22,50,70,69.08982321,62.99153768,61.83109244,62.98433344,62.98433344,67.60768557,67.60768557,63.84401261,63.45384333,63.45384333,63.45384333,63.45384333,56.5084029,56.5084029,56.5084029,56.5084029,62.75912634,63.68611291,64.6531456,67.71245896,68.07427572,68.0477918,63.86507434,52.74629054,57.02782307,68.19507032,68.19507032,68.79147435,68.79147435,68.79147435,69.56036631,69.56036631,69.56036631,66.50441514,66.50441514,60.56606172,60.56606172,69.56036631,68.79147435,68.79147435,61.83109244,61.83109244
0,23,0,70,69.45212048,64.30736525,63.51008276,63.96775526,63.96775526,66.85495448,66.85495448,62.95036765,63.53226866,63.53226866,63.53226866,63.53226866,56.94111485,56.94111485,56.94111485,56.94111485,62.90412582,64.02492247,65.01761941,68.63512952,68.78952445,68.70201513,64.70445606,53.23624848,57.60702751,68.83630923,68.83630923,68.89676052,68.89676052,68.89676052,69.40049787,69.40049787,69.40049787,67.40124098,67.40124098,61.09290529,61.09290529,69.40049787,68.89676052,68.89676052,63.51008276,63.51008276
0,23,10,70,69.20446417,64.64522514,64.59155122,64.5714803,64.5714803,66.24264706,66.24264706,63.17647059,63.78916054,63.78916054,63.78916054,63.78916054,56.81484593,56.81484593,56.81484593,56.81484593,62.4153228,63.79110811,65.16139687,68.75615756,68.67989531,68.49039407,64.3142674,52.9174445,57.32306635,68.55988624,68.55988624,68.9079484,68.9079484,68.9079484,69.53671596,69.53671596,69.53671596,68.14509533,68.14509533,61.35993708,61.35993708,69.53671596,68.9079484,68.9079484,64.59155122,64.59155122
0,23,20,70,69.03800631,64.65649561,64.41983873,64.48032371,64.48032371,65.65355392,65.65355392,63.08946078,63.91668129,63.91668129,63.91668129,63.91668129,56.91046258,56.91046258,56.91046258,56.91046258,62.06920518,63.43408864,65.51326914,69.04037511,68.54062788,67.85418364,64.40267798,53.44634029,57.31228021,68.48118389,68.48118389,68.78383763,68.78383763,68.78383763,69.3227591,69.3227591,69.3227591,66.44679298,66.44679298,62.07725288,62.07725288,69.3227591,68.78383763,68.78383763,64.41983873,64.41983873
0,23,30,70,69.24065402,64.53579446,64.23462454,64.31309066,64.31309066,66.80987395,66.80987395,63.30835668,63.6725573,63.6725573,63.6725573,63.6725573,56.7317499,56.7317499,56.7317499,56.7317499,62.43532849,63.95971805,65.32817277,68.7132499,68.80501687,68.37182383,64.80680553,53.86651817,57.83548106,69.02653497,69.02653497,68.81036291,68.81036291,68.81036291,69.34440943,69.34440943,69.34440943,67.32090733,67.32090733,61.90839838,61.90839838,69.34440943,68.81036291,68.81036291,64.23462454,64.23462454
0,23,40,70,68.83277397,64.44641555,64.58695297,64.6622803,64.6622803,66.6279937,66.6279937,63.91622899,63.82402214,63.82402214,63.82402214,63.82402214,56.99275618,56.99275618,56.99275618,56.99275618,63.06601307,64.52441643,65.37790949,68.98338681,68.96943239,67.82738865,64.76166636,53.79759829,57.4606867,68.822001,68.822001,68.69587141,68.69587141,68.69587141,69.25068261,69.25068261,69.25068261,66.19013158,66.19013158,61.93162708,61.93162708,69.25068261,68.69587141,68.69587141,64.58695297,64.58695297
0,23,50,70,69.10453867,65.00008094,64.81453716,64.84348282,64.84348282,65.78224206,65.78224206,62.69543651,63.93424332,63.93424332,63.93424332,63.93424332,57.16714525,57.16714525,57.16714525,57.16714525,62.96310837,64.0821166,65.77775394,68.97551303,68.9071716,68.8483856,65.26327739,54.10042788,57.83866816,68.94855792,68.94855792,69.14042102,69.14042102,69.14042102,69.54508535,69.54508535,69.54508535,66.87468794,66.87468794,62.57135142,62.57135142,69.54508535,69.14042102,69.14042102,64.81453716,64.81453716
1,0,0,70,69.20094157,64.82700696,64.81554064,65.10153352,65.10153352,67.05074113,67.05074113,63.9351599,63.75032403,63.75032403,63.75032403,63.75032403,56.96317033,56.96317033,56.96317033,56.96317033,63.13335084,64.28516573,65.81681692,69.0678611,69.05541779,68.74199592,65.39210786,54.53806914,58.03294252,68.96318431,68.96318431,69.29088041,69.29088041,69.29088041,69.6826505,69.6826505,69.6826505,66.66605131,66.66605131,62.79036492,62.79036492,69.6826505,69.29088041,69.29088041,64.81554064,64.81554064
1,0,10,70,69.31043325,65.12753243,64.86274434,65.19009198,65.19009198,67.9539916,67.9539916,64.13707983,64.13747044,64.13747044,64.13747044,64.13747044,57.30292466,57.30292466,57.30292466,57.30292466,63.35093537,64.77491997,66.05568249,69.39976895,69.39298893,68.8668961,64.94537123,54.15016557,57.53028385,68.57504082,68.57504082,69.16933863,69.16933863,69.16933863,69.49077578,69.49077578,69.49077578,66.29148239,66.29148239,62.63891409,62.63891409,69.49077578,69.16933863,69.16933863,64.86274434,64.86274434
1,0,20,70,69.04007801,64.98891321,64.86505577,65.27193848,65.27193848,66.52310924,66.52310924,63.10057773,64.26658025,64.26658025,64.26658025,64.26658025,56.87153881,56.87153881,56.87153881,56.87153881,63.08231679,64.55951797,65.93889183,69.20207908,69.30120532,69.03896253,65.27875323,54.44221964,58.01416718,68.96118192,68.96118192,68.7938473,68.7938473,68.7938473,69.30317237,69.30317237,69.30317237,65.25695994,65.25695994,62.87694072,62.87694072,69.30317237,68.7938473,68.7938473,64.86505577,64.86505577
1,0,30,70,69.14413582,64.8506196,64.87423806,65.23800676,65.23800676,66.97191877,66.97191877,64.11029412,64.22838638,64.22838638,64.22838638,64.22838638,56.83380597,56.83380597,56.83380597,56.83380597,63.02894453,65.0011084,65.63072233,68.93000574,69.11533654,68.85284506,65.59600529,54.82055337,58.26398943,68.83886395,68.83886395,68.79693538,68.79693538,68.79693538,69.33785546,69.33785546,69.33785546,66.93595398,66.93595398,62.29316614,62.29316614,69.33785546,68.79693538,68.79693538,64.87423806,64.87423806
1,0,40,70,69.04163854,64.95972933,65.00871697,65.3739305,65.3739305,66.61479592,66.61479592,62.79831933,64.23095709,64.23095709,64.23095709,64.23095709,56.75567291,56.75567291,56.75567291,56.75567291,62.85851177,64.05187556,65.60256117,69.02461272,69.2141404,68.9150442,65.75181204,54.89637575,58.17462821,68.79479647,68.79479647,68.65693251,68.65693251,68.65693251,69.58259771,69.58259771,69.58259771,65.22028193,65.22028193,62.37483934,62.37483934,69.58259771,68.65693251,68.65693251,65.00871697,65.00871697
1,0,50,70,69.27438949,65.6767441,65.4026466,65.45522986,65.45522986,65.9292542,65.9292542,62.68216036,64.25026298,64.25026298,64.25026298,64.25026298,56.84775101,56.84775101,56.84775101,56.84775101,62.51658186,64.32787971,65.93270699,69.16197926,69.15311259,68.89510326,65.62364464,55.09987639,58.26878328,68.92047842,68.92047842,68.61582135,68.61582135,68.61582135,69.50002866,69.50002866,69.50002866,66.23365142,66.23365142,62.45245481,62.45245481,69.50002866,68.61582135,68.61582135,65.4026466,65.4026466
1,1,0,70,69.01299244,65.40530323,65.18223572,65.36875552,65.36875552,66.94065126,66.94065126,63.58455882,64.23921495,64.23921495,64.23921495,64.23921495,56.63948134,56.63948134,56.63948134,56.63948134,62.7358598,64.46179555,65.65706542,68.78551546,68.89357592,68.44135785,65.29233745,55.00203136,57.87068368,68.36253535,68.36253535,68.23495661,68.23495661,68.23495661,69.11428274,69.11428274,69.11428274,66.16497357,66.16497357,62.49854655,62.49854655,69.11428274,68.23495661,68.23495661,65.18223572,65.18223572
1,1,10,70,68.94823846,65.15227669,64.88862781,65.16103162,65.16103162,67.78545168,67.78545168,63.73660714,63.98216814,63.98216814,63.98216814,63.98216814,56.56265447,56.56265447,56.56265447,56.56265447,62.17742135,63.94329443,65.47769699,68.79368222,68.87744249,68.17430366,64.92752944,54.90558755,57.78738655,68.30144916,68.30144916,68.4277689,68.4277689,68.4277689,69.35247996,69.35247996,69.35247996,67.42968539,67.42968539,62.36675639,62.36675639,69.35247996,68.4277689,68.4277689,64.88862781,64.88862781
1,1,20,70,68.88199478,65.53063813,65.26572357,65.35886107,65.35886107,66.26418067,66.26418067,62.90835084,64.3832779,64.3832779,64.3832779,64.3832779,56.64314563,56.64314563,56.64314563,56.64314563,61.87408964,63.84041116,65.63561517,68.92871357,69.04684591,68.49981898,65.17215298,55.16583858,57.93576102,68.10468257,68.10468257,68.7587914,68.7587914,68.7587914,69.32890233,69.32890233,69.32890233,66.50358524,66.50358524,62.00816191,62.00816191,69.32890233,68.7587914,68.7587914,65.26572357,65.26572357
1,1,30,70,69.09064639,65.47120139,65.33689791,65.50591658,65.50591658,67.52862395,67.52862395,63.71848739,64.02112816,64.02112816,64.02112816,64.02112816,56.3774781,56.3774781,56.3774781,56.3774781,62.26314708,64.08816193,65.04048854,68.31949683,68.59251402,68.04865648,65.50304565,54.94102662,57.34325192,67.79835572,67.79835572,68.26256642,68.26256642,68.26256642,69.26138882,69.26138882,69.26138882,65.6289245,65.6289245,61.97439728,61.97439728,69.26138882,68.26256642,68.26256642,65.33689791,65.33689791
1,1,40,70,69.1303085,65.29655703,65.25794793,65.39780721,65.39780721,67.44957983,67.44957983,64.13571429,63.90396596,63.90396596,63.90396596,63.90396596,55.97599906,55.97599906,55.97599906,55.97599906,62.64618822,64.6382553,65.36376254,68.31768624,68.65199866,68.13847457,65.31573515,55.07152498,57.56637039,67.72029761,67.72029761,68.25926587,68.25926587,68.25926587,69.19192893,69.19192893,69.19192893,65.59017711,65.59017711,61.91939028,61.91939028,69.19192893,68.25926587,68.25926587,65.25794793,65.25794793
1,1,50,70,68.60827192,65.4733348,65.28978403,64.89561694,64.89561694,66.54201681,66.54201681,63.03860294,63.56229105,63.56229105,63.56229105,63.56229105,55.99884456,55.99884456,55.99884456,55.99884456,61.99815926,63.66757036,65.06769928,68.36619893,68.45705535,67.89711798,65.14492674,55.08630197,57.90171005,68.14005471,68.14005471,68.40277944,68.40277944,68.40277944,69.240192,69.240192,69.240192,64.38818482,64.38818482,61.59554782,61.59554782,69.240192,68.40277944,68.40277944,65.28978403,65.28978403
1,2,0,70,69.06940703,65.65800983,65.35145333,65.33796626,65.33796626,65.77638889,65.77638889,61.60562225,63.55864048,63.55864048,63.55864048,63.55864048,56.07115561,56.07115561,56.07115561,56.07115561,62.37112249,64.17379298,65.08944871,68.31183309,68.28351352,67.69108643,64.89512788,55.08917986,57.77145773,67.96166331,67.96166331,68.2195251,68.2195251,68.2195251,69.11161663,69.11161663,69.11161663,64.40732193,64.40732193,61.71879766,61.71879766,69.11161663,68.2195251,68.2195251,65.35145333,65.35145333
1,2,10,70,68.99345131,65.76891226,65.6049261,65.64398594,65.64398594,67.31563862,67.31563862,63.44458061,63.35911277,63.35911277,63.35911277,63.35911277,55.80363935,55.80363935,55.80363935,55.80363935,61.51752337,62.94719138,64.47446134,67.84987814,68.16987304,67.62488659,64.28655915,54.62302236,57.37348048,67.19532055,67.19532055,67.97369555,67.97369555,67.97369555,68.98784346,68.98784346,68.98784346,62.81735136,62.81735136,61.19699522,61.19699522,68.98784346,67.97369555,67.97369555,65.6049261,65.6049261
1,2,20,70,68.99221219,65.96333185,65.7947601,65.55786924,65.55786924,65.62806373,65.62806373,62.51348039,63.40696454,63.40696454,63.40696454,63.40696454,55.24167057,55.24167057,55.24167057,55.24167057,61.41608164,63.37750608,64.54197639,67.79760528,67.91688137,67.50721645,64.4038408,54.5049592,57.4389691,67.60627852,67.60627852,67.97437494,67.97437494,67.97437494,68.93570502,68.93570502,68.93570502,65.15499767,65.15499767,61.4775997,61.4775997,68.93570502,67.97437494,67.97437494,65.7947601,65.7947601
1,2,30,70,68.83496262,65.54503262,65.62062537,65.42933914,65.42933914,67.17463235,67.17463235,63.09191176,64.13009532,64.13009532,64.13009532,64.13009532,55.45328924,55.45328924,55.45328924,55.45328924,60.92003981,62.95941556,64.6469555,67.96436962,68.26043182,67.98114288,65.43879394,55.18118208,57.62223357,67.93348722,67.93348722,68.15650298,68.15650298,68.15650298,69.10301669,69.10301669,69.10301669,65.54530501,65.54530501,61.34285939,61.34285939,69.10301669,68.15650298,68.15650298,65.62062537,65.62062537
1,2,40,70,69.01099835,65.76186754,65.66179813,65.55929508,65.55929508,66.47806664,66.47806664,62.79840686,63.76694334,63.76694334,63.76694334,63.76694334,55.68455035,55.68455035,55.68455035,55.68455035,61.17867988,63.06873249,64.42079849,67.77219628,67.90328343,67.85728506,65.22863648,54.89289127,57.19956586,67.26495515,67.26495515,67.79685275,67.79685275,67.79685275,68.94295377,68.94295377,68.94295377,64.46449403,64.46449403,60.9640954,60.9640954,68.94295377,67.79685275,67.79685275,65.66179813,65.66179813
1,2,50,70,69.01808817,65.93175479,65.35233029,65.26738154,65.26738154,65.20310458,65.20310458,61.03431373,63.51437636,63.51437636,63.51437636,63.51437636,55.45183822,55.45183822,55.45183822,55.45183822,61.7564647,63.3106776,64.57269958,67.61739093,67.91921775,67.4264799,64.46495088,54.69560988,57.30278486,67.42627017,67.42627017,67.98538817,67.98538817,67.98538817,69.03900715,69.03900715,69.03900715,64.03835569,64.03835569,61.29252618,61.29252618,69.03900715,67.98538817,67.98538817,65.35233029,65.35233029
1,3,0,70,69.28376853,65.97640852,65.75643197,65.72904298,65.72904298,65.77468001,65.77468001,61.66889978,63.23279121,63.23279121,63.23279121,63.23279121,55.63848834,55.63848834,55.63848834,55.63848834,61.60915347,63.12579096,64.49880107,67.71322922,68.03489656,67.43402403,64.1003857,54.03749122,57.15238459,67.58790715,67.58790715,67.9241347,67.9241347,67.9241347,69.14358111,69.14358111,69.14358111,65.19329643,65.19329643,60.82037173,60.82037173,69.14358111,67.9241347,67.9241347,65.75643197,65.75643197
1,3,10,70,69.10592959,65.66167362,65.3451224,65.53931899,65.53931899,66.27731092,66.27731092,62.50131303,63.92754529,63.92754529,63.92754529,63.92754529,54.94819518,54.94819518,54.94819518,54.94819518,61.15922215,62.8393342,63.93307389,67.25856351,67.69562858,65.63094628,63.14699918,53.80085583,56.72424114,66.84344456,66.84344456,67.65834694,67.65834694,67.65834694,69.02006331,69.02006331,69.02006331,64.98176555,64.98176555,60.55162348,60.55162348,69.02006331,67.65834694,67.65834694,65.3451224,65.3451224
1,3,20,70,69.42806788,66.4273604,66.27990551,66.25899576,66.25899576,65.48899977,65.48899977,61.56636905,63.5833075,63.5833075,63.5833075,63.5833075,55.19001172,55.19001172,55.19001172,55.19001172,60.21355709,61.53786848,63.46982776,66.87108686,67.29722745,66.822736,63.36357408,54.14366566,56.42843226,66.18112515,66.18112515,67.61894874,67.61894874,67.61894874,68.85296569,68.85296569,68.85296569,64.79321291,64.79321291,60.53195394,60.53195394,68.85296569,67.61894874,67.61894874,66.27990551,66.27990551
1,3,30,70,69.19235373,66.39470045,65.97527529,65.80782768,65.80782768,65.46559874,65.46559874,61.98179272,63.76650829,63.76650829,63.76650829,63.76650829,54.96550969,54.96550969,54.96550969,54.96550969,60.46355408,61.41766957,63.69562259,67.09403699,67.06539584,66.27906843,63.30740026,53.95861546,56.65952068,66.50215116,66.50215116,67.60325682,67.60325682,67.60325682,68.9952486,68.9952486,68.9952486,65.4523277,65.4523277,60.32081473,60.32081473,68.9952486,67.60325682,67.60325682,65.97527529,65.97527529
1,3,40,70,69.04095609,66.10815141,65.59904447,65.49464302,65.49464302,65.97258403,65.97258403,61.69222689,63.36400366,63.36400366,63.36400366,63.36400366,54.75427286,54.75427286,54.75427286,54.75427286,59.70766441,61.42216156,63.33300092,66.70486505,66.74328586,65.28461135,63.00877623,53.11166072,55.87324188,66.42488039,66.42488039,66.91969971,66.91969971,66.91969971,68.35623599,68.35623599,68.35623599,65.38566335,65.38566335,60.63123404,60.63123404,68.35623599,66.91969971,66.91969971,65.59904447,65.59904447
1,3,50,70,69.26546744,66.5422614,66.16896846,65.8316432,65.8316432,65.76059333,65.76059333,61.9184974,63.35787562,63.35787562,63.35787562,63.35787562,54.78239137,54.78239137,54.78239137,54.78239137,60.37135186,62.00664091,63.17010262,66.5873608,66.88077788,65.66662051,62.30158384,53.07817769,55.9825335,65.63647821,65.63647821,66.67587349,66.67587349,66.67587349,68.45142436,68.45142436,68.45142436,64.3379152,64.3379152,59.92525472,59.92525472,68.45142436,66.67587349,66.67587349,66.16896846,66.16896846
1,4,0,70,68.73216354,66.23284008,65.63955248,65.50732299,65.50732299,65.13104396,65.13104396,61.90776099,62.94003513,62.94003513,62.94003513,62.94003513,54.25236738,54.25236738,54.25236738,54.25236738,59.17866657,60.65429422,62.85685523,66.55447809,67.38146706,65.91821488,62.34724007,53.20063579,55.56911206,65.20215482,65.20215482,66.38906402,66.38906402,66.38906402,68.15965802,68.15965802,68.15965802,63.6864929,63.6864929,59.96283099,59.96283099,68.15965802,66.38906402,66.38906402,65.63955248,65.63955248
1,4,10,70,69.08810082,66.03721405,65.49239308,65.23043521,65.23043521,65.39851774,65.39851774,61.81696429,62.66280383,62.66280383,62.66280383,62.66280383,53.06488197,53.06488197,53.06488197,53.06488197,59.62417409,61.48257245,61.86357922,65.54739983,65.99868442,65.02338945,61.08203496,51.59231592,54.45165932,64.97725802,64.97725802,66.08975636,66.08975636,66.08975636,68.32679671,68.32679671,68.32679671,62.44384014,62.44384014,60.05872118,60.05872118,68.32679671,66.08975636,66.08975636,65.49239308,65.49239308
1,4,20,70,68.34350154,65.45249361,64.97533213,64.84210828,64.84210828,65.29411765,65.29411765,62.10084034,63.17610411,63.17610411,63.17610411,63.17610411,53.70464159,53.70464159,53.70464159,53.70464159,57.39733227,59.41901761,62.28509197,65.71259033,65.43692949,63.83444525,61.20103964,51.15017507,53.83953598,63.81244157,63.81244157,65.84119186,65.84119186,65.84119186,68.20526888,68.20526888,68.20526888,63.62667375,63.62667375,60.0983229,60.0983229,68.20526888,65.84119186,65.84119186,64.97533213,64.97533213
1,4,30,70,69.00102886,65.90641695,65.23035131,65.31107578,65.31107578,64.63121499,64.63121499,61.66363212,62.95014137,62.95014137,62.95014137,62.95014137,53.06027212,53.06027212,53.06027212,53.06027212,57.27641505,59.37589824,61.70113189,65.06926797,65.46786762,65.02351052,60.84556501,51.32208668,54.28425316,64.56002052,64.56002052,66.42398742,66.42398742,66.42398742,68.34944521,68.34944521,68.34944521,63.80891349,63.80891349,60.33266149,60.33266149,68.34944521,66.42398742,66.42398742,65.23035131,65.23035131
1,4,40,70,68.58232876,65.46390407,64.6910557,65.11342188,65.11342188,66.01260504,66.01260504,62.87237395,62.85469031,62.85469031,62.85469031,62.85469031,54.06631701,54.06631701,54.06631701,54.06631701,58.15382249,61.13626297,62.36810603,65.48115368,65.51531839,64.63696598,61.52858808,51.951026,54.43248023,63.95772605,63.95772605,66.1403452,66.1403452,66.1403452,68.22010387,68.22010387,68.22010387,62.13112899,62.13112899,60.56353668,60.56353668,68.22010387,66.1403452,66.1403452,64.6910557,64.6910557
1,4,50,70,68.54177563,64.70693861,63.53852835,63.61079425,63.61079425,64.84955649,64.84955649,61.09258287,61.78688893,61.78688893,61.78688893,61.78688893,54.21734506,54.21734506,54.21734506,54.21734506,58.18867913,60.41030162,63.149085,66.36830653,66.12156613,65.14970391,62.25083826,52.39013923,54.75548462,64.41994164,64.41994164,66.6299757,66.6299757,66.6299757,68.2277482,68.2277482,68.2277482,63.33079266,63.33079266,60.69144604,60.69144604,68.2277482,66.6299757,66.6299757,63.53852835,63.53852835
1,5,0,70,68.91734433,64.83950087,63.9461548,64.40208333,64.40208333,65.97619048,65.97619048,61.89945145,61.82125629,61.82125629,61.82125629,61.82125629,53.56389787,53.56389787,53.56389787,53.56389787,56.92754602,59.4827869,62.65654962,65.96282628,66.172733,65.71537531,62.41786388,52.37692634,55.22576624,65.51456533,65.51456533,66.88594738,66.88594738,66.88594738,68.41021328,68.41021328,68.41021328,63.59674051,63.59674051,61.02098154,61.02098154,68.41021328,66.88594738,66.88594738,63.9461548,63.9461548
1,5,10,70,68.96513092,65.23464408,64.00605286,64.70876391,64.70876391,64.9637605,64.9637605,61.5990021,62.86928763,62.86928763,62.86928763,62.86928763,55.25251018,55.25251018,55.25251018,55.25251018,59.74429272,61.27268157,63.75250381,67.46650125,67.7647959,66.51359159,62.58258866,52.24761417,55.33955913,65.16650011,65.16650011,67.35463633,67.35463633,67.35463633,68.67041847,68.67041847,68.67041847,64.20833145,64.20833145,61.56830442,61.56830442,68.67041847,67.35463633,67.35463633,64.00605286,64.00605286
1,5,20,70,69.13055494,65.57057301,64.70235507,64.75170906,64.75170906,65.40336134,65.40336134,62.09681373,62.67672529,62.67672529,62.67672529,62.67672529,55.23198844,55.23198844,55.23198844,55.23198844,59.53922319,61.53188776,63.9028091,67.50729911,67.73580001,67.15790299,63.44279991,52.8423549,55.64992226,66.26989686,66.26989686,67.51060604,67.51060604,67.51060604,68.68586867,68.68586867,68.68586867,66.02439231,66.02439231,62.00875663,62.00875663,68.68586867,67.51060604,67.51060604,64.70235507,64.70235507
1,5,30,70,69.12691023,65.45794539,64.44170929,64.78257265,64.78257265,65.7865021,65.7865021,61.93848039,62.24307573,62.24307573,62.24307573,62.24307573,55.27446113,55.27446113,55.27446113,55.27446113,59.4641908,61.92423219,64.16119368,67.85501283,67.98460003,67.47455285,62.78313919,52.46948194,56.30913943,67.1568304,67.1568304,68.15837345,68.15837345,68.15837345,69.1546089,69.1546089,69.1546089,64.92727535,64.92727535,62.32739063,62.32739063,69.1546089,68.15837345,68.15837345,64.44170929,64.44170929
1,5,40,70,68.84072171,65.19364437,64.49526144,64.55349541,64.55349541,65.61312442,65.61312442,61.46781629,62.0728105,62.0728105,62.0728105,62.0728105,55.92587201,55.92587201,55.92587201,55.92587201,59.25443427,61.21197729,64.05201222,67.66898157,67.79293166,67.40446249,63.29734483,52.90839762,56.41871288,67.29462774,67.29462774,68.20060124,68.20060124,68.20060124,69.19720666,69.19720666,69.19720666,67.27466484,67.27466484,62.8705874,62.8705874,69.19720666,68.20060124,68.20060124,64.49526144,64.49526144
1,5,50,70,68.63816052,65.09882424,64.18946966,64.82043588,64.82043588,65.36003151,65.36003151,61.20561975,62.53012212,62.53012212,62.53012212,62.53012212,55.58978824,55.58978824,55.58978824,55.58978824,59.72123042,61.14733919,63.75805085,67.5606502,67.90304103,67.57911686,63.20581602,52.90208624,56.38467733,66.9379943,66.9379943,68.13505539,68.13505539,68.13505539,69.18409869,69.18409869,69.18409869,66.97822856,66.97822856,62.4334156,62.4334156,69.18409869,68.13505539,68.13505539,64.18946966,64.18946966
1,6,0,70,68.69040311,65.01093452,64.17455243,64.20077725,64.20077725,65.23754085,65.23754085,61.71434407,62.04749259,62.04749259,62.04749259,62.04749259,55.89512331,55.89512331,55.89512331,55.89512331,60.89169822,61.79294718,63.95004421,67.6531815,68.05216002,67.71504052,62.63542165,52.8094282,56.80361275,66.81680576,66.81680576,68.34130855,68.34130855,68.34130855,69.23055738,69.23055738,69.23055738,66.4524785,66.4524785,62.16446173,62.16446173,69.23055738,68.34130855,68.34130855,64.17455243,64.17455243
1,6,10,70,68.93403378,65.04330598,64.57728581,64.45550477,64.45550477,65.50235761,65.50235761,61.16185224,62.50923983,62.50923983,62.50923983,62.50923983,56.05193791,56.05193791,56.05193791,56.05193791,60.45835084,61.51248249,64.49123553,68.27860367,68.44929709,67.92482982,62.7698157,52.00447417,56.76911086,67.25699062,67.25699062,68.6189148,68.6189148,68.6189148,69.48989899,69.48989899,69.48989899,66.18891212,66.18891212,62.38605071,62.38605071,69.48989899,68.6189148,68.6189148,64.57728581,64.57728581
1,6,20,70,68.98889791,65.08479453,64.19663967,64.13603272,64.13603272,65.62996032,65.62996032,61.22239729,61.47436222,61.47436222,61.47436222,61.47436222,56.07260267,56.07260267,56.07260267,56.07260267,61.05076281,61.648341,64.24641872,68.01058483,68.31829527,67.9574685,62.11780823,51.96051629,56.83757555,67.02744086,67.02744086,68.52484222,68.52484222,68.52484222,69.44266262,69.44266262,69.44266262,66.33735866,66.33735866,61.22455985,61.22455985,69.44266262,68.52484222,68.52484222,64.19663967,64.19663967
1,6,30,70,69.2585351,65.00384147,64.28885337,63.761545,63.761545,65.49220938,65.49220938,61.63398693,62.0240373,62.0240373,62.0240373,62.0240373,56.51047332,56.51047332,56.51047332,56.51047332,61.55660637,61.83511433,64.3134479,68.33770501,68.60137674,68.04908165,62.20197008,52.05418473,56.73475167,66.47597241,66.47597241,68.38555136,68.38555136,68.38555136,69.39948044,69.39948044,69.39948044,67.04479513,67.04479513,58.93090419,58.93090419,69.39948044,68.38555136,68.38555136,64.28885337,64.28885337
1,6,40,70,69.23249527,65.06098778,64.48322499,63.6070405,63.6070405,66.66342204,66.66342204,61.95690359,61.70715429,61.70715429,61.70715429,61.70715429,56.72835259,56.72835259,56.72835259,56.72835259,61.4795403,61.5911003,64.43046004,68.14536443,68.5646519,68.12858711,61.44425481,51.21156625,56.41776809,65.97015444,65.97015444,68.03743372,68.03743372,68.03743372,69.11577879,69.11577879,69.11577879,64.8049006,64.8049006,49.06287956,49.06287956,69.11577879,68.03743372,68.03743372,64.48322499,64.48322499
1,6,50,70,69.27426906,64.84573413,64.23817668,63.05201819,63.05201819,64.94479458,64.94479458,60.63813025,61.43072721,61.43072721,61.43072721,61.43072721,56.60239315,56.60239315,56.60239315,56.60239315,61.77686703,61.86375512,63.62992615,67.35619579,68.46220026,66.2834735,59.65384763,50.98619841,55.87206258,64.95198059,64.95198059,65.60812954,65.60812954,65.60812954,67.01795635,67.01795635,67.01795635,58.86609572,58.86609572,36.43669687,36.43669687,67.01795635,65.60812954,65.60812954,64.23817668,64.23817668
1,7,0,70,69.34832532,64.50341361,64.22435529,63.08048821,63.08048821,65.22881653,65.22881653,59.83441877,60.50585952,60.50585952,60.50585952,60.50585952,56.03728912,56.03728912,56.03728912,56.03728912,60.88861198,61.2185049,62.67056291,66.8807036,68.4477217,68.06059381,59.67282622,49.48211331,55.05093134,63.67218417,63.67218417,62.1411212,62.1411212,62.1411212,63.17083557,63.17083557,63.17083557,49.82005679,49.82005679,30.32914626,30.32914626,63.17083557,62.1411212,62.1411212,64.22435529,64.22435529
1,7,10,70,69.24839198,64.08835101,63.55682367,62.24742316,62.24742316,61.82072829,61.82072829,56.93665383,58.26654348,58.26654348,58.26654348,58.26654348,54.79591775,54.79591775,54.79591775,54.79591775,59.98191277,58.03207533,59.51369627,62.37257167,63.99821744,63.24802598,54.87469265,45.06188592,51.0129356,57.75401302,57.75401302,54.77989238,54.77989238,54.77989238,57.99776118,57.99776118,57.99776118,38.41258599,38.41258599,26.50663463,26.50663463,57.99776118,54.77989238,54.77989238,63.55682367,63.55682367
1,7,20,70,69.1306138,64.435353,63.49595588,61.92198943,61.92198943,58.09243697,58.09243697,54.84803338,56.55133131,56.55133131,56.55133131,56.55133131,54.85697796,54.85697796,54.85697796,54.85697796,55.85640564,53.11943835,54.96452426,57.17655265,59.6639719,59.51671705,49.89396398,41.1326909,45.61048709,48.67760259,48.67760259,46.3645045,46.3645045,46.3645045,48.59074982,48.59074982,48.59074982,33.20856034,33.20856034,24.58246408,24.58246408,48.59074982,46.3645045,46.3645045,63.49595588,63.49595588
1,7,30,70,69.250132,64.10507602,63.4606813,61.49632795,61.49632795,50.38068978,50.38068978,53.88845121,55.56287645,55.56287645,55.56287645,55.56287645,54.61173235,54.61173235,54.61173235,54.61173235,59.17431954,57.27428202,54.97953453,56.91461837,57.93583741,57.73748473,46.3585758,38.57147714,42.53951761,44.99612639,44.99612639,39.75777934,39.75777934,39.75777934,40.04726282,40.04726282,40.04726282,29.86653848,29.86653848,24.56382064,24.56382064,40.04726282,39.75777934,39.75777934,63.4606813,63.4606813
1,7,40,70,68.77710809,63.93410995,62.7914916,57.26181297,57.26181297,47.37812208,47.37812208,51.23155929,53.51496862,53.51496862,53.51496862,53.51496862,54.92294829,54.92294829,54.92294829,54.92294829,60.08809115,58.31008153,56.33538658,58.46885167,60.63868134,60.4665479,48.86037678,39.79866647,41.56863193,42.7642992,42.7642992,36.53698613,36.53698613,36.53698613,36.66188493,36.66188493,36.66188493,28.35228077,28.35228077,24.29953842,24.29953842,36.66188493,36.53698613,36.53698613,62.7914916,62.7914916
1,7,50,70,68.32728189,61.7693201,59.56736111,53.98787411,53.98787411,39.96626401,39.96626401,46.05182073,53.66495224,53.66495224,53.66495224,53.66495224,55.36176361,55.36176361,55.36176361,55.36176361,60.08947964,59.46952749,57.13516157,59.30687777,61.25090754,61.24604593,49.3217246,40.219029,41.28855755,42.38001278,42.38001278,35.28219364,35.28219364,35.28219364,32.10827155,32.10827155,32.10827155,26.19597626,26.19597626,23.64163065,23.64163065,32.10827155,35.28219364,35.28219364,59.56736111,59.56736111
1,8,0,70,66.98465458,60.66072266,57.03380044,50.94784191,50.94784191,37.929155,37.929155,40.91903011,52.87503097,52.87503097,52.87503097,52.87503097,54.92181646,54.92181646,54.92181646,54.92181646,60.24185397,55.69436069,57.4703489,59.61806453,61.26967578,60.92848441,47.83113611,38.06937269,38.33436344,39.25038285,39.25038285,34.24347661,34.24347661,34.24347661,31.80811322,31.80811322,31.80811322,24.30851606,24.30851606,23.87640475,23.87640475,31.80811322,34.24347661,34.24347661,57.03380044,57.03380044
1,8,10,70,62.60041265,56.50574382,53.96000639,48.26919603,48.26919603,41.13918067,41.13918067,45.08558007,53.58309243,53.58309243,53.58309243,53.58309243,54.06872316,54.06872316,54.06872316,54.06872316,55.74569597,49.44000171,52.7987556,53.94328235,55.76117321,56.84664388,44.44595832,35.61554717,35.77769487,37.61221074,37.61221074,32.06707481,32.06707481,32.06707481,30.47676161,30.47676161,30.47676161,24.1340385,24.1340385,24.76616464,24.76616464,30.47676161,32.06707481,32.06707481,53.96000639,53.96000639
1,8,20,70,56.52971329,54.16696231,49.42682935,44.48893967,44.48893967,39.17930089,39.17930089,44.82749767,52.36079228,52.36079228,52.36079228,52.36079228,51.27946875,51.27946875,51.27946875,51.27946875,42.8393219,42.03810994,48.43064556,50.3051862,52.59088976,52.6440518,40.85027203,32.6441529,32.86113334,33.81309974,33.81309974,31.06358747,31.06358747,31.06358747,29.4254579,29.4254579,29.4254579,24.90784072,24.90784072,24.77889273,24.77889273,29.4254579,31.06358747,31.06358747,49.42682935,49.42682935
1,8,30,70,54.79500318,51.19231189,46.78737567,41.35168256,41.35168256,35.76890756,35.76890756,42.69826681,52.61429869,52.61429869,52.61429869,52.61429869,48.60454324,48.60454324,48.60454324,48.60454324,39.64215959,40.73405135,45.19762855,45.91965353,45.65025895,43.68903905,36.24841933,31.46367843,32.51865075,34.3037959,34.3037959,30.91485216,30.91485216,30.91485216,30.55418878,30.55418878,30.55418878,25.87059782,25.87059782,24.94523868,24.94523868,30.55418878,30.91485216,30.91485216,46.78737567,46.78737567
1,8,40,70,58.01143747,50.8473468,46.75200341,43.08205043,43.08205043,35.42671569,35.42671569,40.8655754,51.75432896,51.75432896,51.75432896,51.75432896,48.54666586,48.54666586,48.54666586,48.54666586,42.83057473,41.8358523,45.2643687,47.17056166,48.82369001,48.22676277,39.95864462,33.31245072,34.7409348,37.10767893,37.10767893,34.15900813,34.15900813,34.15900813,33.96070059,33.96070059,33.96070059,25.94971289,25.94971289,24.6725237,24.6725237,33.96070059,34.15900813,34.15900813,46.75200341,46.75200341
1,8,50,70,63.34510333,55.97976733,51.70058078,47.92991044,47.92991044,37.08038632,37.08038632,40.83604692,51.82915316,51.82915316,51.82915316,51.82915316,51.23870805,51.23870805,51.23870805,51.23870805,46.9365679,47.08258053,50.86146571,53.32362393,55.9118934,55.91891879,45.27175736,37.19130548,38.44036359,39.30652508,39.30652508,36.27886485,36.27886485,36.27886485,35.32445361,35.32445361,35.32445361,26.85610722,26.85610722,24.46163199,24.46163199,35.32445361,36.27886485,36.27886485,51.70058078,51.70058078
1,9,0,70,67.79690055,61.08485513,56.37182793,53.43889551,53.43889551,40.8720063,40.8720063,41.30435924,52.71353047,52.71353047,52.71353047,52.71353047,52.85720673,52.85720673,52.85720673,52.85720673,52.14421147,48.35316001,53.83131494,55.93793677,57.49893934,60.18766224,51.02036862,41.1180016,41.87536489,43.67479967,43.67479967,40.2605622,40.2605622,40.2605622,40.44013078,40.44013078,40.44013078,28.42519783,28.42519783,24.75580536,24.75580536,40.44013078,40.2605622,40.2605622,56.37182793,56.37182793
1,9,10,70,67.92197813,62.39964614,59.11323885,55.91918547,55.91918547,42.36621732,42.36621732,42.56426237,52.63577048,52.63577048,52.63577048,52.63577048,53.29208578,53.29208578,53.29208578,53.29208578,54.4311493,53.12923911,55.05944588,58.99784144,58.79977434,60.05009477,53.32502002,41.62486209,44.5987645,50.26542897,50.26542897,44.20387132,44.20387132,44.20387132,44.36137731,44.36137731,44.36137731,32.34533763,32.34533763,27.10555311,27.10555311,44.36137731,44.20387132,44.20387132,59.11323885,59.11323885
1,9,20,70,68.30559038,62.466933,59.88604717,56.48660793,56.48660793,47.6887605,47.6887605,45.32457983,54.05680834,54.05680834,54.05680834,54.05680834,53.34440425,53.34440425,53.34440425,53.34440425,56.31903146,55.28972518,56.03203307,59.75759592,58.78360917,58.75105723,51.76464237,41.45884732,44.38549404,52.00895219,52.00895219,48.64994406,48.64994406,48.64994406,48.30864309,48.30864309,48.30864309,36.28225205,36.28225205,28.75710839,28.75710839,48.30864309,48.64994406,48.64994406,59.88604717,59.88604717
1,9,30,70,67.47168883,62.1984264,59.72244423,57.94319135,57.94319135,47.33860878,47.33860878,46.40327381,53.80257372,53.80257372,53.80257372,53.80257372,53.69119634,53.69119634,53.69119634,53.69119634,58.62636183,56.69330073,55.34558744,58.21178764,56.91223828,57.51637437,52.10450456,40.71900708,44.39097647,53.93096484,53.93096484,53.10153684,53.10153684,53.10153684,54.20842698,54.20842698,54.20842698,41.99990546,41.99990546,30.45590833,30.45590833,54.20842698,53.10153684,53.10153684,59.72244423,59.72244423
1,9,40,70,67.31624478,63.48660788,62.88934534,60.39481651,60.39481651,46.19193511,46.19193511,42.75379318,53.68356327,53.68356327,53.68356327,53.68356327,53.22853531,53.22853531,53.22853531,53.22853531,58.44486272,57.1669893,57.9228007,61.74492377,59.31032499,58.91182597,53.9557558,41.60240589,45.38044526,56.01557332,56.01557332,56.43333663,56.43333663,56.43333663,58.88569403,58.88569403,58.88569403,44.27808882,44.27808882,32.86947193,32.86947193,58.88569403,56.43333663,56.43333663,62.88934534,62.88934534
1,9,50,70,67.5633242,63.61313941,63.19572677,60.77223437,60.77223437,44.32635971,44.32635971,41.77672736,54.91998509,54.91998509,54.91998509,54.91998509,53.90329211,53.90329211,53.90329211,53.90329211,59.28811637,58.21189607,59.36853721,64.27422959,62.82492526,62.31940284,57.89983487,43.92351733,47.20316338,60.43373105,60.43373105,60.33357833,60.33357833,60.33357833,61.55756044,61.55756044,61.55756044,52.1588247,52.1588247,37.07737116,37.07737116,61.55756044,60.33357833,60.33357833,63.19572677,63.19572677
1,10,0,70,67.65498221,63.19189572,62.99040743,61.00330993,61.00330993,46.77704832,46.77704832,42.95745798,54.73412328,54.73412328,54.73412328,54.73412328,54.73331822,54.73331822,54.73331822,54.73331822,59.66439053,58.56436052,59.62969797,64.8552129,63.87307425,61.97267025,57.86179531,46.05791564,49.69578459,63.11751204,63.11751204,63.48124065,63.48124065,63.48124065,65.56457973,65.56457973,65.56457973,59.27301851,59.27301851,44.28950365,44.28950365,65.56457973,63.48124065,63.48124065,62.99040743,62.99040743
1,10,10,70,68.71232659,63.48777535,63.08944371,61.53620674,61.53620674,52.14985994,52.14985994,46.66949697,55.5271752,55.5271752,55.5271752,55.5271752,54.20791777,54.20791777,54.20791777,54.20791777,57.91082055,57.42380907,59.02842109,64.71049813,64.37005594,61.36749484,57.15969477,46.32911325,49.52964236,62.21923448,62.21923448,64.78521993,64.78521993,64.78521993,67.09095674,67.09095674,67.09095674,63.35365361,63.35365361,49.60505315,49.60505315,67.09095674,64.78521993,64.78521993,63.08944371,63.08944371
1,10,20,70,68.56291526,63.6142854,63.32277431,62.24181531,62.24181531,58.0646592,58.0646592,49.0544993,56.92198066,56.92198066,56.92198066,56.92198066,53.9475289,53.9475289,53.9475289,53.9475289,58.31767379,57.60159147,58.66908291,63.66952427,63.22673377,61.58671575,58.04995542,46.83584138,49.88751351,61.59513889,61.59513889,64.40008983,64.40008983,64.40008983,67.33656098,67.33656098,67.33656098,62.921457,62.921457,51.74144313,51.74144313,67.33656098,64.40008983,64.40008983,63.32277431,63.32277431
1,10,30,70,68.61491725,63.36765485,63.16824737,62.13938703,62.13938703,61.31752451,61.31752451,51.26806723,56.7513274,56.7513274,56.7513274,56.7513274,53.63336268,53.63336268,53.63336268,53.63336268,57.666716,58.04096639,58.17203506,64.07274852,64.67403285,63.1602151,58.23075752,46.83535632,49.73964902,61.30942537,61.30942537,64.51204959,64.51204959,64.51204959,67.48794782,67.48794782,67.48794782,64.31681684,64.31681684,52.62408041,52.62408041,67.48794782,64.51204959,64.51204959,63.16824737,63.16824737
1,10,40,70,68.77307494,63.80805595,63.60693201,62.29738954,62.29738954,62.17994281,62.17994281,53.86948529,55.92576398,55.92576398,55.92576398,55.92576398,53.58183515,53.58183515,53.58183515,53.58183515,57.85930699,54.51092465,58.82667475,64.69300405,63.96963291,64.1095491,58.68116863,47.21323089,51.00829832,62.47226731,62.47226731,64.57545279,64.57545279,64.57545279,67.34970573,67.34970573,67.34970573,64.71186934,64.71186934,53.76569588,53.76569588,67.34970573,64.57545279,64.57545279,63.60693201,63.60693201
1,10,50,70,68.56066431,63.641328,63.12702472,62.32406487,62.32406487,64.82090336,64.82090336,58.0424078,57.74776607,57.74776607,57.74776607,57.74776607,53.74926279,53.74926279,53.74926279,53.74926279,58.60028662,55.60307472,59.83683206,65.17900376,64.96057587,65.48825517,59.88514408,48.3782921,51.85958932,63.38312355,63.38312355,65.01083253,65.01083253,65.01083253,67.58866939,67.58866939,67.58866939,64.61440955,64.61440955,54.92330653,54.92330653,67.58866939,65.01083253,65.01083253,63.12702472,63.12702472
1,11,0,70,68.4353589,63.91908736,63.5809709,62.05024557,62.05024557,64.91786881,64.91786881,58.97368114,58.23961332,58.23961332,58.23961332,58.23961332,53.49026647,53.49026647,53.49026647,53.49026647,58.55856439,58.0045676,59.81595257,65.00217774,64.37652385,65.4679765,60.23169157,48.035219,52.02872939,63.28762458,63.28762458,65.69196201,65.69196201,65.69196201,67.90386303,67.90386303,67.90386303,63.90814753,63.90814753,56.79869093,56.79869093,67.90386303,65.69196201,65.69196201,63.5809709,63.5809709
1,11,10,70,68.66798293,63.55160617,63.24207516,62.449236,62.449236,65.50605742,65.50605742,57.94957983,57.5521389,57.5521389,57.5521389,57.5521389,53.6654504,53.6654504,53.6654504,53.6654504,57.37645494,56.2880205,59.74992734,64.67987608,64.83967747,65.24374631,59.90825316,47.79350426,51.69547751,62.23937293,62.23937293,65.27916883,65.27916883,65.27916883,67.82188961,67.82188961,67.82188961,66.1398836,66.1398836,57.70095608,57.70095608,67.82188961,65.27916883,65.27916883,63.24207516,63.24207516
1,11,20,70,68.7096445,63.80504131,63.51943024,62.46266734,62.46266734,64.9325105,64.9325105,57.76514356,57.08554097,57.08554097,57.08554097,57.08554097,53.88440728,53.88440728,53.88440728,53.88440728,58.11841432,57.5936752,58.96699266,64.17904953,64.93316626,65.19876471,59.20787906,47.05745061,50.42673369,61.64485458,61.64485458,63.99065229,63.99065229,63.99065229,66.81194613,66.81194613,66.81194613,65.54714502,65.54714502,57.22416517,57.22416517,66.81194613,63.99065229,63.99065229,63.51943024,63.51943024
1,11,30,70,68.68145827,63.76960718,63.43222477,61.80795431,61.80795431,65.18948413,65.18948413,58.5824113,57.06560874,57.06560874,57.06560874,57.06560874,53.65053077,53.65053077,53.65053077,53.65053077,58.24130114,57.66134358,58.34779648,63.78951854,64.60900974,65.70661688,59.43500362,45.88161867,48.05133707,59.74344911,59.74344911,63.1837044,63.1837044,63.1837044,66.77417835,66.77417835,66.77417835,64.89437899,64.89437899,55.94716569,55.94716569,66.77417835,63.1837044,63.1837044,63.43222477,63.43222477
1,11,40,70,68.75238506,63.62840854,63.23826549,61.53348569,61.53348569,62.90563725,62.90563725,55.17358193,56.8971998,56.8971998,56.8971998,56.8971998,53.65815647,53.65815647,53.65815647,53.65815647,56.62805211,54.1498439,57.82434673,62.66823244,64.31301303,65.19887587,59.09710189,44.79935148,46.14597375,59.52473771,59.52473771,62.90948501,62.90948501,62.90948501,66.44120693,66.44120693,66.44120693,63.20354618,63.20354618,51.79592962,51.79592962,66.44120693,62.90948501,62.90948501,63.23826549,63.23826549
1,11,50,70,68.74908973,63.57858761,63.26822606,61.88308824,61.88308824,60.92172035,60.92172035,54.41220238,56.93361417,56.93361417,56.93361417,56.93361417,53.63333236,53.63333236,53.63333236,53.63333236,57.74924778,57.07594012,58.06928744,63.63443939,63.2525479,65.57445895,60.25544987,45.05128851,47.77169626,60.36643891,60.36643891,63.33622476,63.33622476,63.33622476,67.0234327,67.0234327,67.0234327,62.96170559,62.96170559,51.36996934,51.36996934,67.0234327,63.33622476,63.33622476,63.26822606,63.26822606
1,12,0,70,68.59088466,63.43098942,63.03237248,61.75376259,61.75376259,62.75039099,62.75039099,54.6131611,56.54749632,56.54749632,56.54749632,56.54749632,53.91940953,53.91940953,53.91940953,53.91940953,58.30363068,57.57209467,58.80065288,64.07880943,64.07099055,66.03662426,60.4649479,45.50667531,48.62793694,62.26175838,62.26175838,63.83981854,63.83981854,63.83981854,67.17387881,67.17387881,67.17387881,62.62886492,62.62886492,50.66210566,50.66210566,67.17387881,63.83981854,63.83981854,63.03237248,63.03237248
1,12,10,70,68.55444753,62.64771181,62.06480179,60.53342055,60.53342055,62.14566185,62.14566185,55.66682365,56.06220092,56.06220092,56.06220092,56.06220092,53.8680132,53.8680132,53.8680132,53.8680132,57.69872622,56.97643711,58.84004668,64.07553015,63.95336817,65.98411114,60.10028924,44.52020902,46.44278195,60.8164504,60.8164504,62.55860429,62.55860429,62.55860429,66.40749938,66.40749938,66.40749938,62.82199804,62.82199804,48.32235955,48.32235955,66.40749938,62.55860429,62.55860429,62.06480179,62.06480179
1,12,20,70,68.66968784,62.80357699,60.75198844,58.87133212,58.87133212,58.3290091,58.3290091,55.44353992,54.66333412,54.66333412,54.66333412,54.66333412,52.98912683,52.98912683,52.98912683,52.98912683,57.53916528,56.79874398,58.4896128,64.2653138,63.59395922,64.89787729,57.56981978,43.56725847,47.29477194,59.83223228,59.83223228,60.67258577,60.67258577,60.67258577,65.31532103,65.31532103,65.31532103,60.48590293,60.48590293,43.00941589,43.00941589,65.31532103,60.67258577,60.67258577,60.75198844,60.75198844
1,12,30,70,68.66495953,63.45781888,62.01083432,59.39677986,59.39677986,58.63258053,58.63258053,54.36802054,53.57089625,53.57089625,53.57089625,53.57089625,52.83136739,52.83136739,52.83136739,52.83136739,57.45972671,56.46756716,59.12154268,64.64452669,63.53611429,64.11748948,56.2655948,43.18982619,46.18787448,58.64236314,58.64236314,62.02715383,62.02715383,62.02715383,65.81998749,65.81998749,65.81998749,62.68151163,62.68151163,41.3271272,41.3271272,65.81998749,62.02715383,62.02715383,62.01083432,62.01083432
1,12,40,70,68.73701916,63.72184827,63.41428036,61.28132949,61.28132949,59.3514239,59.3514239,54.38728408,52.91443831,52.91443831,52.91443831,52.91443831,52.3888897,52.3888897,52.3888897,52.3888897,56.94030965,56.49010283,57.68168114,62.34431351,61.4384776,62.39759367,55.85465596,41.91098448,45.39294305,57.54909057,57.54909057,60.04724106,60.04724106,60.04724106,63.98114371,63.98114371,63.98114371,61.78476907,61.78476907,38.46172163,38.46172163,63.98114371,60.04724106,60.04724106,63.41428036,63.41428036
1,12,50,70,68.67533929,63.29886635,62.92135514,61.79468748,61.79468748,57.14956232,57.14956232,54.99698223,52.75323236,52.75323236,52.75323236,52.75323236,52.35788993,52.35788993,52.35788993,52.35788993,53.4588501,53.23077837,56.73874114,60.72328377,60.59483646,62.0245729,54.01802496,41.97478164,44.62528213,56.09676724,56.09676724,59.7568803,59.7568803,59.7568803,63.69830113,63.69830113,63.69830113,59.74007266,59.74007266,40.18799797,40.18799797,63.69830113,59.7568803,59.7568803,62.92135514,62.92135514
1,13,0,70,68.68513235,62.84173417,62.46470588,61.08100049,61.08100049,57.01621148,57.01621148,53.82743566,52.81461089,52.81461089,52.81461089,52.81461089,52.01528536,52.01528536,52.01528536,52.01528536,54.13004971,53.87315702,55.93566038,60.50571285,60.71559064,60.27447497,53.41772263,41.33530812,44.50920838,56.19651542,56.19651542,59.95445611,59.95445611,59.95445611,64.42933535,64.42933535,64.42933535,58.36736184,58.36736184,41.30868333,41.30868333,64.42933535,59.95445611,59.95445611,62.46470588,62.46470588
1,13,10,70,68.56542775,63.09829015,62.59687062,60.53370574,60.53370574,50.89206933,50.89206933,51.88730961,51.50178491,51.50178491,51.50178491,51.50178491,52.00603614,52.00603614,52.00603614,52.00603614,52.9399089,50.94501281,52.7690663,56.87198961,57.97598757,58.54825211,51.79964185,39.25788733,43.76498632,54.22278962,54.22278962,60.21617913,60.21617913,60.21617913,64.26873755,64.26873755,64.26873755,54.96160915,54.96160915,38.99501498,38.99501498,64.26873755,60.21617913,60.21617913,62.59687062,62.59687062
1,13,20,70,68.73784907,63.15918727,62.52720758,60.4411625,60.4411625,47.48823529,47.48823529,51.37447917,51.64236806,51.64236806,51.64236806,51.64236806,50.29773019,50.29773019,50.29773019,50.29773019,49.75190672,49.03019887,50.28208535,52.37501257,51.87007991,53.04454106,45.38204775,36.82116982,41.8677037,51.81491037,51.81491037,57.84949663,57.84949663,57.84949663,62.55346942,62.55346942,62.55346942,53.34002101,53.34002101,34.08061297,34.08061297,62.55346942,57.84949663,57.84949663,62.52720758,62.52720758
1,13,30,70,68.26272861,62.3477641,62.14640401,60.62661187,60.62661187,47.69873366,47.69873366,50.89813113,49.84896377,49.84896377,49.84896377,49.84896377,49.93749634,49.93749634,49.93749634,49.93749634,50.89718189,48.93091083,47.43027671,48.62490122,47.69644573,48.44959492,41.67610278,33.64490405,39.7110945,50.16219458,50.16219458,56.97630482,56.97630482,56.97630482,61.19552448,61.19552448,61.19552448,51.51349876,51.51349876,32.11906284,32.11906284,61.19552448,56.97630482,56.97630482,62.14640401,62.14640401
1,13,40,70,67.45588574,60.56244667,61.06055964,58.7066628,58.7066628,50.56538866,50.56538866,53.33624387,48.82143656,48.82143656,48.82143656,48.82143656,49.64347913,49.64347913,49.64347913,49.64347913,52.46617465,49.9567402,45.44111188,45.60191169,42.8903127,46.22605808,39.82566256,33.5191477,39.00011654,48.69536395,48.69536395,55.98923817,55.98923817,55.98923817,60.60943893,60.60943893,60.60943893,49.02565651,49.02565651,28.91350939,28.91350939,60.60943893,55.98923817,55.98923817,61.06055964,61.06055964
1,13,50,68.34375,67.70938843,61.53105112,60.30282516,57.12912474,57.12912474,56.80026552,56.80026552,53.48647422,49.04235792,49.04235792,49.04235792,49.04235792,46.97869096,46.97869096,46.97869096,46.97869096,50.59820804,49.11958085,40.6332738,41.48524503,40.01418325,41.74955902,37.8854636,33.27369048,38.21613781,46.77002298,46.77002298,54.34627137,54.34627137,54.34627137,58.30735964,58.30735964,58.30735964,45.15179618,45.15179618,29.26180886,29.26180886,58.30735964,54.34627137,54.34627137,60.30282516,60.30282516
1,14,0,70,68.57041188,62.12499274,60.45930766,57.98743506,57.98743506,52.76076681,52.76076681,53.3512233,49.10720353,49.10720353,49.10720353,49.10720353,45.26549105,45.26549105,45.26549105,45.26549105,48.95833081,47.33128384,40.47600127,39.85832224,37.2627466,39.84583798,36.94864274,32.44754095,36.9187212,45.13080236,45.13080236,52.34130573,52.34130573,52.34130573,56.04855665,56.04855665,56.04855665,43.46949675,43.46949675,28.47462816,28.47462816,56.04855665,52.34130573,52.34130573,60.45930766,60.45930766
1,14,10,70,68.71420774,62.58471751,59.42680128,55.02717179,55.02717179,48.82418929,48.82418929,53.04431208,49.28169159,49.28169159,49.28169159,49.28169159,42.47646209,42.47646209,42.47646209,42.47646209,46.64137286,44.05352468,37.24514334,37.96162382,36.33761595,39.11916362,35.34917922,32.3289998,36.66307723,44.75360614,44.75360614,51.7218505,51.7218505,51.7218505,56.03083636,56.03083636,56.03083636,40.52099546,40.52099546,26.73947564,26.73947564,56.03083636,51.7218505,51.7218505,59.42680128,59.42680128
1,14,20,70,68.62725813,61.93168419,54.27360784,46.18809877,46.18809877,46.33721072,46.33721072,52.96609988,47.71761719,47.71761719,47.71761719,47.71761719,37.15396106,37.15396106,37.15396106,37.15396106,35.53679235,34.05406267,34.94285695,36.79065494,36.59618726,38.38854688,33.46894617,32.81070085,36.35951244,42.62123865,42.62123865,47.91118269,47.91118269,47.91118269,51.29150708,51.29150708,51.29150708,36.93173061,36.93173061,24.87767225,24.87767225,51.29150708,47.91118269,47.91118269,54.27360784,54.27360784
1,14,30,70,68.30380299,60.25979682,50.46911438,42.22091181,42.22091181,43.16890756,43.16890756,49.36810662,45.28197442,45.28197442,45.28197442,45.28197442,33.6634417,33.6634417,33.6634417,33.6634417,29.56380741,30.61486094,33.06775461,33.5273084,33.39561467,34.81972187,32.55945102,32.21394643,35.18347347,42.74144945,42.74144945,45.72678411,45.72678411,45.72678411,49.08535902,49.08535902,49.08535902,37.38082497,37.38082497,24.46358667,24.46358667,49.08535902,45.72678411,45.72678411,50.46911438,50.46911438
1,14,40,70,68.00829118,59.86335848,48.6122549,38.64974845,38.64974845,44.36008403,44.36008403,49.31087623,43.11409371,43.11409371,43.11409371,43.11409371,32.34906056,32.34906056,32.34906056,32.34906056,31.42856846,28.22574848,31.76440744,31.84288172,30.31427625,29.7878516,30.64588485,30.61392126,33.88038669,40.13789771,40.13789771,45.14461012,45.14461012,45.14461012,49.20927943,49.20927943,49.20927943,35.50322694,35.50322694,22.93466174,22.93466174,49.20927943,45.14461012,45.14461012,48.6122549,48.6122549
1,14,50,70,68.53949408,61.4631333,53.49826797,45.92040334,45.92040334,47.16336951,47.16336951,49.77308007,41.72267386,41.72267386,41.72267386,41.72267386,29.76245178,29.76245178,29.76245178,29.76245178,33.7928816,27.88114092,30.12734521,30.42292438,29.23282452,29.45893925,31.78853408,30.55150098,34.48712889,40.3038462,40.3038462,44.15292548,44.15292548,44.15292548,47.83869352,47.83869352,47.83869352,32.89830931,32.89830931,22.419593,22.419593,47.83869352,44.15292548,44.15292548,53.49826797,53.49826797
1,15,0,70,68.58895295,61.95299112,57.51962582,54.33659056,54.33659056,50.87841387,50.87841387,49.6703942,40.79881248,40.79881248,40.79881248,40.79881248,28.99675606,28.99675606,28.99675606,28.99675606,31.85086785,28.82796227,31.25532413,31.49716958,29.24480746,29.69478046,31.9162392,30.04154103,33.27304499,39.321432,39.321432,42.22977781,42.22977781,42.22977781,46.43857107,46.43857107,46.43857107,31.05278869,31.05278869,22.36541253,22.36541253,46.43857107,42.22977781,42.22977781,57.51962582,57.51962582
1,15,10,70,68.05918746,59.92956044,57.15322222,50.3748108,50.3748108,45.75099206,45.75099206,48.71798407,38.30824015,38.30824015,38.30824015,38.30824015,28.45470556,28.45470556,28.45470556,28.45470556,29.74004121,31.01695823,30.25085186,30.22045121,27.89901111,28.27490149,31.01648882,29.14847392,32.25430538,39.14734001,39.14734001,40.78204718,40.78204718,40.78204718,42.93153089,42.93153089,42.93153089,28.19095172,28.19095172,22.39112858,22.39112858,42.93153089,40.78204718,40.78204718,57.15322222,57.15322222
1,15,20,70,68.06228131,58.04591678,48.97054739,39.73519737,39.73519737,43.66727941,43.66727941,46.72196691,34.30872684,34.30872684,34.30872684,34.30872684,25.36635717,25.36635717,25.36635717,25.36635717,27.63724899,30.19168667,29.45524742,30.18784641,28.55810177,30.74523684,30.04391075,29.14380078,31.74245018,38.43728175,38.43728175,41.00599208,41.00599208,41.00599208,42.43721713,42.43721713,42.43721713,27.52348067,27.52348067,21.17379339,21.17379339,42.43721713,41.00599208,41.00599208,48.97054739,48.97054739
1,15,30,70,67.25234958,54.56540754,41.50696242,33.46925095,33.46925095,43.23972339,43.23972339,48.06686581,31.53603782,31.53603782,31.53603782,31.53603782,24.04874708,24.04874708,24.04874708,24.04874708,20.69464979,23.26645483,29.01179731,29.35036339,26.80241052,27.04870729,29.47069266,29.75534829,32.18497753,36.96852136,36.96852136,40.76859759,40.76859759,40.76859759,41.90814217,41.90814217,41.90814217,26.64065904,26.64065904,20.53301942,20.53301942,41.90814217,40.76859759,40.76859759,41.50696242,41.50696242
1,15,40,70,67.33671241,55.03245843,41.24019948,31.10180629,31.10180629,42.62873316,42.62873316,45.50050041,28.2733402,28.2733402,28.2733402,28.2733402,23.92025607,23.92025607,23.92025607,23.92025607,20.65390406,23.89619709,28.76410961,28.72921212,26.94072519,27.44440265,28.35269433,28.27365388,29.76997045,36.24544031,36.24544031,42.19489494,42.19489494,42.19489494,45.17941419,45.17941419,45.17941419,28.76245748,28.76245748,20.85268218,20.85268218,45.17941419,42.19489494,42.19489494,41.24019948,41.24019948
1,15,50,70,66.56868494,52.7204611,39.35734904,30.10524508,30.10524508,43.2759979,43.2759979,45.42394301,24.96089105,24.96089105,24.96089105,24.96089105,22.59209408,22.59209408,22.59209408,22.59209408,20.3079594,23.65109082,27.29922295,26.9350361,25.40446303,26.48106945,27.89581192,27.76932866,29.62238327,36.7446465,36.7446465,41.60949078,41.60949078,41.60949078,43.76749758,43.76749758,43.76749758,30.34180729,30.34180729,20.04101118,20.04101118,43.76749758,41.60949078,41.60949078,39.35734904,39.35734904
1,16,0,70,66.8068591,52.56672794,40.98686022,34.30540803,34.30540803,41.29847106,41.29847106,44.88486009,23.82485649,23.82485649,23.82485649,23.82485649,21.9650612,21.9650612,21.9650612,21.9650612,19.75097558,22.6823396,26.27025312,26.41168576,25.35093091,26.56931816,27.64080613,28.60554674,31.07198847,36.8643245,36.8643245,40.70051716,40.70051716,40.70051716,40.95668734,40.95668734,40.95668734,29.24215206,29.24215206,20.78919576,20.78919576,40.95668734,40.70051716,40.70051716,40.98686022,40.98686022
1,16,10,70,66.98351526,52.95228833,41.61836951,32.74782969,32.74782969,42.63238212,42.63238212,45.69130413,23.15740705,23.15740705,23.15740705,23.15740705,21.38337289,21.38337289,21.38337289,21.38337289,21.97732147,22.20720152,26.64861308,26.75393837,25.88064246,26.74129748,27.91011046,28.500072,30.78668078,36.20371044,36.20371044,40.29205891,40.29205891,40.29205891,43.22993068,43.22993068,43.22993068,27.39397345,27.39397345,20.60725153,20.60725153,43.22993068,40.29205891,40.29205891,41.61836951,41.61836951
1,16,20,70,67.02555545,57.06394643,40.26013788,28.47993835,28.47993835,42.39160247,42.39160247,44.8559232,21.72615696,21.72615696,21.72615696,21.72615696,21.05122421,21.05122421,21.05122421,21.05122421,18.49478522,21.1257081,26.59920433,27.19423562,25.79635174,25.85535152,28.00361306,28.74448708,30.948049,38.42828445,38.42828445,40.82427838,40.82427838,40.82427838,42.39309752,42.39309752,42.39309752,26.83815731,26.83815731,19.48186707,19.48186707,42.39309752,40.82427838,40.82427838,40.26013788,40.26013788
1,16,30,70,67.53561046,58.15775195,51.61918233,39.51763846,39.51763846,42.09081716,42.09081716,43.98152282,21.67435121,21.67435121,21.67435121,21.67435121,20.54962968,20.54962968,20.54962968,20.54962968,19.03791741,22.51512868,26.38108323,26.78051946,25.39259001,26.70358079,26.50580349,28.01549873,31.27537064,36.82501213,36.82501213,39.96919185,39.96919185,39.96919185,40.69108353,40.69108353,40.69108353,28.89741053,28.89741053,21.19296442,21.19296442,40.69108353,39.96919185,39.96919185,51.61918233,51.61918233
1,16,40,70,68.5967994,59.78420237,55.02439865,42.78187969,42.78187969,42.8450922,42.8450922,45.66777398,21.93780361,21.93780361,21.93780361,21.93780361,20.49155387,20.49155387,20.49155387,20.49155387,18.83623366,22.48975257,26.50820554,26.98785002,26.27642942,26.98057161,27.35820246,27.92671525,30.60145769,37.05822195,37.05822195,39.95929271,39.95929271,39.95929271,42.26043911,42.26043911,42.26043911,31.73268723,31.73268723,21.69068311,21.69068311,42.26043911,39.95929271,39.95929271,55.02439865,55.02439865
1,16,50,70,68.20569692,59.03760804,56.59550275,47.75769685,47.75769685,41.31057423,41.31057423,44.04166156,21.41011378,21.41011378,21.41011378,21.41011378,20.62848464,20.62848464,20.62848464,20.62848464,18.74410601,22.63470808,27.06045975,27.46966337,26.38795221,27.32122543,28.82751066,28.76501085,31.48957159,37.95922957,37.95922957,40.12939814,40.12939814,40.12939814,44.62614262,44.62614262,44.62614262,32.05675134,32.05675134,23.71868564,23.71868564,44.62614262,40.12939814,40.12939814,56.59550275,56.59550275
1,17,0,70,68.25876629,59.36309552,57.58981168,52.87847326,52.87847326,41.8818219,41.8818219,44.08210784,21.73646949,21.73646949,21.73646949,21.73646949,20.6154277,20.6154277,20.6154277,20.6154277,20.62788428,21.59056546,25.91375822,26.50214762,25.40503325,27.34074009,28.73025638,28.36652168,30.99425273,37.13243269,37.13243269,40.53236744,40.53236744,40.53236744,41.73174283,41.73174283,41.73174283,34.41020075,34.41020075,24.27538732,24.27538732,41.73174283,40.53236744,40.53236744,57.58981168,57.58981168
1,17,10,70,67.86368706,58.31888109,56.55551518,53.02823399,53.02823399,41.98054972,41.98054972,44.83740809,21.70136371,21.70136371,21.70136371,21.70136371,20.23127024,20.23127024,20.23127024,20.23127024,18.62497191,23.48542763,26.2881877,27.17618585,26.06586451,27.80340555,29.04895637,28.72387708,32.09699208,38.5673918,38.5673918,40.86532497,40.86532497,40.86532497,46.46594045,46.46594045,46.46594045,33.93939624,33.93939624,24.18950358,24.18950358,46.46594045,40.86532497,40.86532497,56.55551518,56.55551518
1,17,20,70,66.34454909,57.79443961,55.26600627,48.92343487,48.92343487,41.68169351,41.68169351,43.39228334,20.70180466,20.70180466,20.70180466,20.70180466,20.70970909,20.70970909,20.70970909,20.70970909,18.21752855,23.05758791,26.54865418,26.91037585,25.40733699,26.44903425,28.23361054,27.88180601,30.25214218,36.59109437,36.59109437,42.06356396,42.06356396,42.06356396,46.61261587,46.61261587,46.61261587,32.4833979,32.4833979,22.70197554,22.70197554,46.61261587,42.06356396,42.06356396,55.26600627,55.26600627
1,17,30,70,66.73254768,57.77961174,54.82763062,47.22075284,47.22075284,39.88130252,39.88130252,42.89889706,21.0135994,21.0135994,21.0135994,21.0135994,20.25570591,20.25570591,20.25570591,20.25570591,18.64039138,23.19852941,26.91080645,27.51069134,26.03705199,28.01263296,28.80366953,28.82183493,31.92064348,37.96319729,37.96319729,42.50625909,42.50625909,42.50625909,46.88358463,46.88358463,46.88358463,31.2074038,31.2074038,21.86860216,21.86860216,46.88358463,42.50625909,42.50625909,54.82763062,54.82763062
1,17,40,70,66.07318797,57.73567823,55.45037574,49.62673536,49.62673536,39.63813609,39.63813609,43.28786254,21.34146033,21.34146033,21.34146033,21.34146033,21.13823927,21.13823927,21.13823927,21.13823927,19.39969481,22.2790091,27.33725355,28.44032777,26.94227934,25.8649934,28.59907979,28.75874295,32.61164536,38.24509543,38.24509543,42.05044521,42.05044521,42.05044521,45.34674817,45.34674817,45.34674817,30.79792828,30.79792828,23.5075923,23.5075923,45.34674817,42.05044521,42.05044521,55.45037574,55.45037574
1,17,50,70,65.853378,58.88310218,55.34737395,49.79064381,49.79064381,40.18356092,40.18356092,42.87408088,22.35104029,22.35104029,22.35104029,22.35104029,20.61199499,20.61199499,20.61199499,20.61199499,18.7593811,22.6144883,27.53790717,28.4717502,27.61125182,28.36949495,29.52401344,29.29422248,32.57963373,40.09950634,40.09950634,42.49491038,42.49491038,42.49491038,43.54215421,43.54215421,43.54215421,34.01348424,34.01348424,24.0739003,24.0739003,43.54215421,42.49491038,42.49491038,55.34737395,55.34737395
1,18,0,70,67.31952958,59.97693569,58.73028906,51.91989493,51.91989493,40.83785598,40.83785598,44.24318321,23.69721419,23.69721419,23.69721419,23.69721419,21.0574387,21.0574387,21.0574387,21.0574387,18.42475298,22.20287365,28.21276484,29.00842946,28.54413416,29.3393882,29.73575174,28.96863348,32.86914853,40.72598281,40.72598281,42.96264485,42.96264485,42.96264485,45.67943835,45.67943835,45.67943835,32.93362048,32.93362048,24.36635997,24.36635997,45.67943835,42.96264485,42.96264485,58.73028906,58.73028906
1,18,10,70,67.95176599,58.98109281,56.05368122,52.20751238,52.20751238,40.10874767,40.10874767,46.06936275,24.75192219,24.75192219,24.75192219,24.75192219,21.61469555,21.61469555,21.61469555,21.61469555,18.15900565,23.20710239,28.74034915,29.55222585,28.35148016,29.63049731,30.10353469,28.86020465,31.440526,39.642718,39.642718,45.21135209,45.21135209,45.21135209,47.2825382,47.2825382,47.2825382,36.20404375,36.20404375,26.90570214,26.90570214,47.2825382,45.21135209,45.21135209,56.05368122,56.05368122
1,18,20,70,66.42452524,56.91271558,53.17974051,50.35807782,50.35807782,41.4709092,41.4709092,46.44207006,25.34268445,25.34268445,25.34268445,25.34268445,21.83689457,21.83689457,21.83689457,21.83689457,19.6301511,23.38773144,28.18343444,28.4310227,26.48450195,28.35377342,29.67839443,29.45820487,32.94150306,40.83411685,40.83411685,45.98821981,45.98821981,45.98821981,48.67699978,48.67699978,48.67699978,40.53750856,40.53750856,27.24455441,27.24455441,48.67699978,45.98821981,45.98821981,53.17974051,53.17974051
1,18,30,70,66.37403619,56.64905477,54.82919118,51.75435074,51.75435074,40.49828431,40.49828431,44.12690826,25.34599824,25.34599824,25.34599824,25.34599824,21.95403246,21.95403246,21.95403246,21.95403246,20.44051631,24.6144958,28.64102744,29.16633063,28.55272434,29.53443472,30.39707863,30.05813017,34.82138229,41.34228693,41.34228693,46.17029057,46.17029057,46.17029057,51.07429675,51.07429675,51.07429675,39.96424041,39.96424041,26.25361116,26.25361116,51.07429675,46.17029057,46.17029057,54.82919118,54.82919118
1,18,40,70,66.50782399,57.11016746,57.64290966,55.78858526,55.78858526,41.7432598,41.7432598,44.30450878,27.16713121,27.16713121,27.16713121,27.16713121,22.8686072,22.8686072,22.8686072,22.8686072,20.70324643,24.67908093,29.10115316,29.34582634,27.96021809,29.36280931,29.59845378,29.44963595,33.04080505,40.7301499,40.7301499,47.57629925,47.57629925,47.57629925,50.61330741,50.61330741,50.61330741,40.69672619,40.69672619,28.15445537,28.15445537,50.61330741,47.57629925,47.57629925,57.64290966,57.64290966
1,18,50,70,66.28607361,57.55550356,58.85316317,58.51610544,58.51610544,44.93243464,44.93243464,44.91416462,30.45461518,30.45461518,30.45461518,30.45461518,23.57229664,23.57229664,23.57229664,23.57229664,23.39013009,26.91025564,28.88279772,30.52877557,30.33441766,29.99815972,29.78427362,30.26853022,34.32488702,41.70758644,41.70758644,48.21029939,48.21029939,48.21029939,51.82534162,51.82534162,51.82534162,43.31234161,43.31234161,31.07220877,31.07220877,51.82534162,48.21029939,48.21029939,58.85316317,58.85316317
1,19,0,70,68.00231206,59.98554572,60.20455439,61.00577668,61.00577668,50.74449697,50.74449697,47.17613868,36.30997594,36.30997594,36.30997594,36.30997594,25.85470423,25.85470423,25.85470423,25.85470423,27.45410959,30.98595983,30.63454549,31.95864283,30.52304388,30.10006979,29.96400785,30.06563691,34.45152926,41.85011861,41.85011861,49.92834477,49.92834477,49.92834477,54.93732118,54.93732118,54.93732118,45.8087608,45.8087608,32.71353582,32.71353582,54.93732118,49.92834477,49.92834477,60.20455439,60.20455439
1,19,10,70,67.9106012,59.27244532,59.15905934,59.84641923,59.84641923,53.99788749,53.99788749,48.19697712,41.72123824,41.72123824,41.72123824,41.72123824,27.88064829,27.88064829,27.88064829,27.88064829,28.01288342,30.77191203,31.95860019,33.34247396,32.06780314,31.89872137,32.1838226,30.90223753,36.56086895,43.84314445,43.84314445,49.40503474,49.40503474,49.40503474,55.35373584,55.35373584,55.35373584,49.07334441,49.07334441,34.88752284,34.88752284,55.35373584,49.40503474,49.40503474,59.15905934,59.15905934
1,19,20,70,66.85618747,58.77161329,59.43888938,59.98130662,59.98130662,53.30567227,53.30567227,48.9365962,44.02347055,44.02347055,44.02347055,44.02347055,30.87227979,30.87227979,30.87227979,30.87227979,29.6469199,32.68031243,32.26533156,33.25884042,32.32812903,32.68593137,32.5852465,31.81120508,37.93970468,44.44769948,44.44769948,50.48827401,50.48827401,50.48827401,56.56918215,56.56918215,56.56918215,47.21648047,47.21648047,33.38500553,33.38500553,56.56918215,50.48827401,50.48827401,59.43888938,59.43888938
1,19,30,70,66.60143362,59.06019059,59.55372152,60.20699368,60.20699368,54.70363562,54.70363562,50.28913399,48.63088694,48.63088694,48.63088694,48.63088694,33.21392883,33.21392883,33.21392883,33.21392883,32.00247022,35.79962652,34.95763053,35.25114215,32.89370456,34.3390416,33.14540922,31.31616434,37.21941105,44.45417756,44.45417756,51.39696385,51.39696385,51.39696385,56.90634788,56.90634788,56.90634788,47.18357389,47.18357389,34.0326472,34.0326472,56.90634788,51.39696385,51.39696385,59.55372152,59.55372152
1,19,40,70,66.86534392,60.25460015,60.61691667,61.15551793,61.15551793,55.25656513,55.25656513,51.5524663,52.05563246,52.05563246,52.05563246,52.05563246,36.90575872,36.90575872,36.90575872,36.90575872,40.32961046,41.12354621,37.54527325,38.23048791,36.33927672,37.67884783,35.3768022,31.8445643,37.71007938,45.27507014,45.27507014,52.58176131,52.58176131,52.58176131,58.14786445,58.14786445,58.14786445,50.26329846,50.26329846,34.62299204,34.62299204,58.14786445,52.58176131,52.58176131,60.61691667,60.61691667
1,19,50,70,67.03344995,60.63338157,61.26970382,61.59487183,61.59487183,59.55696318,59.55696318,53.68894801,55.10327395,55.10327395,55.10327395,55.10327395,41.94751781,41.94751781,41.94751781,41.94751781,44.68753501,43.51761121,39.74047721,41.47227142,40.77140612,42.38187675,37.3527169,34.09578266,40.38126494,48.47517679,48.47517679,52.92560432,52.92560432,52.92560432,58.18129339,58.18129339,58.18129339,50.45105935,50.45105935,36.22203949,36.22203949,58.18129339,52.92560432,52.92560432,61.26970382,61.26970382
1,20,0,70,67.54578994,60.49482391,60.70423529,61.6948412,61.6948412,61.35194911,61.35194911,57.48464563,57.21746248,57.21746248,57.21746248,57.21746248,47.3726736,47.3726736,47.3726736,47.3726736,53.30733406,52.32533606,45.7160012,47.04849276,44.92676441,47.87296773,43.43515404,35.88465369,41.86864361,51.90644665,51.90644665,55.683307,55.683307,55.683307,60.72337281,60.72337281,60.72337281,52.74403077,52.74403077,39.8143877,39.8143877,60.72337281,55.683307,55.683307,60.70423529,60.70423529
1,20,10,70,67.44223014,60.71040306,60.46995868,60.76158825,60.76158825,59.90018091,59.90018091,57.9199806,58.15172305,58.15172305,58.15172305,58.15172305,50.62141376,50.62141376,50.62141376,50.62141376,57.34075153,56.98889579,51.5672348,53.34999081,51.0824987,51.99745912,50.09076767,38.54286098,44.57060055,56.76183056,56.76183056,58.70566466,58.70566466,58.70566466,62.67764514,62.67764514,62.67764514,56.22671397,56.22671397,42.51688275,42.51688275,62.67764514,58.70566466,58.70566466,60.46995868,60.46995868
1,20,20,70,67.08519044,59.86759608,58.58838235,59.42607534,59.42607534,60.39942227,60.39942227,58.79296875,57.79348288,57.79348288,57.79348288,57.79348288,51.57876263,51.57876263,51.57876263,51.57876263,59.08100812,57.65342645,53.88256727,55.93622085,54.46871777,55.51328745,53.04405561,39.52178722,45.94604801,58.76565951,58.76565951,59.93327599,59.93327599,59.93327599,63.930744,63.930744,63.930744,57.1662833,57.1662833,42.42961905,42.42961905,63.930744,59.93327599,59.93327599,58.58838235,58.58838235
1,20,30,70,68.30684623,62.20996382,61.44691643,61.06115622,61.06115622,65.10685107,65.10685107,58.90117443,59.02872996,59.02872996,59.02872996,59.02872996,53.28815597,53.28815597,53.28815597,53.28815597,60.19452531,61.07967937,57.93192329,60.56541405,60.55131764,59.47621539,55.84352265,43.19530921,48.97106654,63.83736695,63.83736695,63.33982389,63.33982389,63.33982389,65.9779991,65.9779991,65.9779991,59.84391375,59.84391375,46.45865513,46.45865513,65.9779991,63.33982389,63.33982389,61.44691643,61.44691643
1,20,40,70,68.99197408,62.75390088,60.44775817,60.86584194,60.86584194,65.8290733,65.8290733,59.51309743,59.30388587,59.30388587,59.30388587,59.30388587,54.09422741,54.09422741,54.09422741,54.09422741,60.64479683,61.33622507,60.64726332,63.99019859,64.03051152,63.70533648,58.80965191,46.151288,51.5679755,65.07376332,65.07376332,64.13124059,64.13124059,64.13124059,66.50792279,66.50792279,66.50792279,65.2431618,65.2431618,53.11525327,53.11525327,66.50792279,64.13124059,64.13124059,60.44775817,60.44775817
1,20,50,70,68.87957155,61.15528852,58.07071895,59.70036765,59.70036765,63.81244164,63.81244164,60.83716299,61.3029592,61.3029592,61.3029592,61.3029592,54.25310847,54.25310847,54.25310847,54.25310847,61.13591526,61.89393097,61.75839551,65.33423369,64.89352452,64.73109981,59.79002909,47.42021406,53.03630065,65.71913732,65.71913732,65.99150945,65.99150945,65.99150945,67.57996996,67.57996996,67.57996996,64.65613898,64.65613898,55.55715953,55.55715953,67.57996996,65.99150945,65.99150945,58.07071895,58.07071895
1,21,0,70,68.57446848,61.37839313,58.3164183,59.97337264,59.97337264,63.76295518,63.76295518,61.21198427,61.2485824,61.2485824,61.2485824,61.2485824,55.37095163,55.37095163,55.37095163,55.37095163,61.01620494,61.6721865,63.39841462,67.33431245,67.60883112,66.46253052,60.98435488,48.9996468,54.38128512,66.25132446,66.25132446,66.77943006,66.77943006,66.77943006,68.62778282,68.62778282,68.62778282,66.96698823,66.96698823,57.25981514,57.25981514,68.62778282,66.77943006,66.77943006,58.3164183,58.3164183
1,21,10,70,67.89163724,60.86887862,57.52295425,59.58062927,59.58062927,65.14252451,65.14252451,61.13521971,59.46129511,59.46129511,59.46129511,59.46129511,54.94306365,54.94306365,54.94306365,54.94306365,61.23796602,61.75133804,63.48191295,67.18500676,68.12210467,66.9984506,60.0523924,49.49827338,55.01440097,65.35102373,65.35102373,66.69031451,66.69031451,66.69031451,68.5715403,68.5715403,68.5715403,65.11675179,65.11675179,57.87662415,57.87662415,68.5715403,66.69031451,66.69031451,57.52295425,57.52295425
1,21,20,70,68.56332196,61.72499183,58.63685784,59.54236994,59.54236994,65.45331466,65.45331466,61.6112643,60.29159273,60.29159273,60.29159273,60.29159273,54.76421556,54.76421556,54.76421556,54.76421556,60.01934274,60.81193561,62.15417087,66.23226613,66.18084451,65.08588848,58.36646458,48.04392294,53.94320148,64.66820443,64.66820443,65.9879331,65.9879331,65.9879331,67.59491792,67.59491792,67.59491792,65.92039858,65.92039858,56.48043768,56.48043768,67.59491792,65.9879331,65.9879331,58.63685784,58.63685784
1,21,30,70,68.45969219,62.45629547,59.82528478,60.28842708,60.28842708,65.81355042,65.81355042,61.1935866,61.23368184,61.23368184,61.23368184,61.23368184,55.02305498,55.02305498,55.02305498,55.02305498,61.67431287,62.27050423,63.13858552,66.7557267,66.29981813,65.51254306,60.21353722,49.16119581,54.75414895,65.73117834,65.73117834,66.05214848,66.05214848,66.05214848,68.15719421,68.15719421,68.15719421,66.22910706,66.22910706,56.79493207,56.79493207,68.15719421,66.05214848,66.05214848,59.82528478,59.82528478
1,21,40,70,68.31775465,62.51586088,60.98481046,61.3373968,61.3373968,65.95147642,65.95147642,61.86077921,61.93101625,61.93101625,61.93101625,61.93101625,54.88830908,54.88830908,54.88830908,54.88830908,60.80777561,61.44938976,63.03361449,67.15343849,67.58076911,66.09051388,60.79205584,49.42945934,55.05094748,66.23200491,66.23200491,66.92256299,66.92256299,66.92256299,68.74457994,68.74457994,68.74457994,66.49085024,66.49085024,58.90544209,58.90544209,68.74457994,66.92256299,66.92256299,60.98481046,60.98481046
1,21,50,70,68.36368245,62.90961298,61.76990196,61.9594974,61.9594974,66.98447712,66.98447712,63.17552594,62.08414939,62.08414939,62.08414939,62.08414939,55.75122967,55.75122967,55.75122967,55.75122967,61.51503852,62.25012255,64.08738866,67.94374544,68.06394564,67.16770519,62.13820957,50.52231613,55.95687912,67.38408966,67.38408966,66.58166669,66.58166669,66.58166669,68.66655776,68.66655776,68.66655776,68.35303314,68.35303314,59.83687544,59.83687544,68.66655776,66.58166669,66.58166669,61.76990196,61.76990196
1,22,0,70,68.21913962,62.91940803,62.80450817,63.521617,63.521617,66.48946662,66.48946662,61.94725286,62.03295185,62.03295185,62.03295185,62.03295185,56.05964488,56.05964488,56.05964488,56.05964488,61.5876471,62.58198157,64.6420203,68.41904704,68.42874768,67.09464723,62.12566008,50.87654079,55.82440313,66.58616794,66.58616794,66.96169679,66.96169679,66.96169679,69.015625,69.015625,69.015625,66.72819833,66.72819833,61.37610671,61.37610671,69.015625,66.96169679,66.96169679,62.80450817,62.80450817
1,22,10,70,68.16593224,62.88034477,62.72022549,63.39444337,63.39444337,65.94117647,65.94117647,61.37086397,61.73000337,61.73000337,61.73000337,61.73000337,55.77932644,55.77932644,55.77932644,55.77932644,61.1912565,62.16414316,63.59189628,67.43748015,67.46473647,65.78149922,60.4329494,48.78560928,54.96714933,65.94666067,65.94666067,66.92435248,66.92435248,66.92435248,68.84293269,68.84293269,68.84293269,65.72300177,65.72300177,61.07798814,61.07798814,68.84293269,66.92435248,66.92435248,62.72022549,62.72022549
1,22,20,70,68.24928468,62.66202997,62.72935458,63.56694268,63.56694268,66.08234127,66.08234127,61.30103656,61.66869889,61.66869889,61.66869889,61.66869889,55.73739798,55.73739798,55.73739798,55.73739798,60.49964736,61.60884104,64.12627113,67.05047443,66.71986739,65.75349376,60.52672768,49.04319106,54.97044855,65.79297506,65.79297506,66.31793975,66.31793975,66.31793975,68.52847995,68.52847995,68.52847995,66.0485579,66.0485579,60.24495713,60.24495713,68.52847995,66.31793975,66.31793975,62.72935458,62.72935458
1,22,30,70,68.2795365,62.6890262,62.88811601,63.84498874,63.84498874,65.6657563,65.6657563,58.63745915,61.21616535,61.21616535,61.21616535,61.21616535,55.90413437,55.90413437,55.90413437,55.90413437,61.65183323,62.03049053,64.44360281,67.66034926,67.3800419,66.50702869,62.19350865,50.67738732,55.73699405,66.88903953,66.88903953,66.43677831,66.43677831,66.43677831,68.52527743,68.52527743,68.52527743,65.49358095,65.49358095,61.52738439,61.52738439,68.52527743,66.43677831,66.43677831,62.88811601,62.88811601
1,22,40,70,68.13806866,62.8609325,62.87646405,63.96448722,63.96448722,66.86560458,66.86560458,62.12831904,62.08354666,62.08354666,62.08354666,62.08354666,56.01296118,56.01296118,56.01296118,56.01296118,62.45069143,63.22528473,64.4890566,67.61957184,67.69523438,65.83777754,62.10875901,51.11171079,55.9493158,66.76461898,66.76461898,66.93025804,66.93025804,66.93025804,68.43035548,68.43035548,68.43035548,65.95458416,65.95458416,61.73844785,61.73844785,68.43035548,66.93025804,66.93025804,62.87646405,62.87646405
1,22,50,70,68.59418651,63.68898529,63.91827941,64.35383877,64.35383877,66.07371615,66.07371615,62.28819444,62.92300969,62.92300969,62.92300969,62.92300969,56.65753246,56.65753246,56.65753246,56.65753246,62.68056626,63.67381356,64.85899011,67.77013952,68.03605366,66.76246478,62.94151704,52.11190726,56.24322201,66.82801971,66.82801971,67.47910812,67.47910812,67.47910812,68.99948721,68.99948721,68.99948721,68.52031919,68.52031919,62.28335752,62.28335752,68.99948721,67.47910812,67.47910812,63.91827941,63.91827941
1,23,0,70,69.45701026,64.76580392,64.2205817,64.76193473,64.76193473,66.9767507,66.9767507,62.3366779,63.29411568,63.29411568,63.29411568,63.29411568,56.89187773,56.89187773,56.89187773,56.89187773,62.55146422,63.67916083,65.19673186,68.16222486,68.14586503,66.90230992,63.3996337,52.53563746,56.62683429,67.9498363,67.9498363,67.93742902,67.93742902,67.93742902,68.75949469,68.75949469,68.75949469,67.54329444,67.54329444,62.47890977,62.47890977,68.75949469,67.93742902,67.93742902,64.2205817,64.2205817
1,23,10,70,69.33940781,64.53601657,63.79260784,64.53652182,64.53652182,66.72788282,66.72788282,62.46072596,63.61874971,63.61874971,63.61874971,63.61874971,56.66526664,56.66526664,56.66526664,56.66526664,62.22065895,63.49315044,65.18750149,69.01207467,68.90901448,67.94287755,64.01488875,52.75107737,56.74582299,67.97097971,67.97097971,67.85692003,67.85692003,67.85692003,69.0334735,69.0334735,69.0334735,65.67376281,65.67376281,62.22424208,62.22424208,69.0334735,67.85692003,67.85692003,63.79260784,63.79260784
1,23,20,70,69.40786684,65.0575794,64.61869444,64.77557962,64.77557962,66.95468604,66.95468604,62.77232143,63.72998698,63.72998698,63.72998698,63.72998698,56.55803994,56.55803994,56.55803994,56.55803994,62.36227342,63.68950046,65.47022102,69.04747215,68.82418964,67.45819772,64.59572574,53.7127735,57.30670366,68.42272233,68.42272233,68.23066044,68.23066044,68.23066044,69.21029233,69.21029233,69.21029233,66.35831427,66.35831427,61.79784257,61.79784257,69.21029233,68.23066044,68.23066044,64.61869444,64.61869444
1,23,30,70,69.04398398,64.85416568,65.08016861,65.21755448,65.21755448,66.70644508,66.70644508,62.39940143,63.57126298,63.57126298,63.57126298,63.57126298,56.8167579,56.8167579,56.8167579,56.8167579,62.58716108,63.98835156,65.31169635,68.60842392,68.72468589,68.57904994,64.76666711,54.02178142,57.90083569,68.81273931,68.81273931,68.4711918,68.4711918,68.4711918,68.87130297,68.87130297,68.87130297,67.09888416,67.09888416,62.61585225,62.61585225,68.87130297,68.4711918,68.4711918,65.08016861,65.08016861
1,23,40,70,69.1565492,64.7262867,64.6356585,64.92931571,64.92931571,67.30053688,67.30053688,62.91570378,64.03206457,64.03206457,64.03206457,64.03206457,56.43509929,56.43509929,56.43509929,56.43509929,61.56027828,63.38027936,65.46695322,68.81643172,69.03942077,68.65187806,65.00903837,53.93829271,57.62561376,68.39713357,68.39713357,68.57591303,68.57591303,68.57591303,69.13767053,69.13767053,69.13767053,68.01007527,68.01007527,62.62165846,62.62165846,69.13767053,68.57591303,68.57591303,64.6356585,64.6356585
1,23,50,70,69.06392159,65.05625373,65.15870658,65.25514414,65.25514414,66.89913049,66.89913049,63.89752568,64.01241316,64.01241316,64.01241316,64.01241316,56.97097605,56.97097605,56.97097605,56.97097605,62.54393277,63.96908109,65.54217845,68.90125561,68.99067743,68.59377056,65.29397655,54.5861592,57.9546264,68.98299937,68.98299937,68.88951902,68.88951902,68.88951902,69.45284314,69.45284314,69.45284314,68.29840228,68.29840228,62.54689367,62.54689367,69.45284314,68.88951902,68.88951902,65.15870658,65.15870658
2,0,0,70,69.34335732,65.09903832,65.16524364,65.57842092,65.57842092,66.42860644,66.42860644,63.22003385,64.05085231,64.05085231,64.05085231,64.05085231,56.6320859,56.6320859,56.6320859,56.6320859,61.52946159,63.25560538,65.82958895,69.0882994,69.21006425,69.04597644,65.57920406,54.86470956,58.13444892,68.78954945,68.78954945,69.00169282,69.00169282,69.00169282,69.45685111,69.45685111,69.45685111,68.38111959,68.38111959,63.00048545,63.00048545,69.45685111,69.00169282,69.00169282,65.16524364,65.16524364
2,0,10,70,69.30900625,65.21857579,65.15508147,65.44080882,65.44080882,66.64093137,66.64093137,63.15829248,64.03868901,64.03868901,64.03868901,64.03868901,56.76927004,56.76927004,56.76927004,56.76927004,62.71224899,64.05510204,65.5683541,69.02681344,69.32176736,68.75502757,65.397402,54.86164499,58.09687875,68.98270033,68.98270033,68.47309311,68.47309311,68.47309311,69.01621979,69.01621979,69.01621979,66.21063218,66.21063218,62.65573183,62.65573183,69.01621979,68.47309311,68.47309311,65.15508147,65.15508147
2,0,20,70,68.83576205,65.27938817,65.21721569,65.36005469,65.36005469,67.071662,67.071662,63.1888422,63.62100744,63.62100744,63.62100744,63.62100744,56.57268419,56.57268419,56.57268419,56.57268419,61.45770543,63.24930957,65.44470501,68.82406497,68.97373405,68.65053272,65.5235527,54.76541883,57.80335119,68.81003866,68.81003866,68.64548915,68.64548915,68.64548915,69.3474088,69.3474088,69.3474088,67.47806351,67.47806351,62.38704997,62.38704997,69.3474088,68.64548915,68.64548915,65.21721569,65.21721569
2,0,30,70,69.16594869,65.38631209,65.3185866,65.37525531,65.37525531,66.67906746,66.67906746,62.45573646,63.8441493,63.8441493,63.8441493,63.8441493,56.56767167,56.56767167,56.56767167,56.56767167,62.38857755,63.68247094,65.33503407,68.75140206,69.11423182,68.42359331,65.55252382,55.21008667,57.76039277,68.26627661,68.26627661,68.81989318,68.81989318,68.81989318,69.10571717,69.10571717,69.10571717,66.32955536,66.32955536,62.57181493,62.57181493,69.10571717,68.81989318,68.81989318,65.3185866,65.3185866
2,0,40,70,69.37184556,65.41315103,65.39868137,65.70335535,65.70335535,67.21486928,67.21486928,62.8754085,63.99878509,63.99878509,63.99878509,63.99878509,56.5178126,56.5178126,56.5178126,56.5178126,62.12004282,63.79010585,64.90863256,68.40826757,68.70257658,68.47992038,65.41920327,54.68223046,57.4840631,68.41433813,68.41433813,68.54020579,68.54020579,68.54020579,69.26446599,69.26446599,69.26446599,65.1618219,65.1618219,62.05412718,62.05412718,69.26446599,68.54020579,68.54020579,65.39868137,65.39868137
2,0,50,70,69.04400142,65.73213904,65.53965033,65.43721065,65.43721065,66.52036648,66.52036648,62.39478291,63.6812953,63.6812953,63.6812953,63.6812953,56.42619842,56.42619842,56.42619842,56.42619842,61.77206633,63.94564826,65.47054037,68.70395009,68.72651149,68.00160573,65.1149789,55.37923587,57.79282244,68.2949119,68.2949119,68.86307878,68.86307878,68.86307878,69.45180139,69.45180139,69.45180139,66.352291,66.352291,62.29890782,62.29890782,69.45180139,68.86307878,68.86307878,65.53965033,65.53965033
2,1,0,70,69.06091668,65.38979225,65.32106373,65.4984997,65.4984997,66.3369281,66.3369281,62.4835726,63.77632958,63.77632958,63.77632958,63.77632958,56.48153919,56.48153919,56.48153919,56.48153919,62.32975113,63.68033616,65.2424201,68.77804547,69.04685969,68.64071432,65.67811087,55.52365169,57.94047467,68.38302635,68.38302635,68.36412274,68.36412274,68.36412274,68.96139572,68.96139572,68.96139572,66.82812386,66.82812386,62.31390104,62.31390104,68.96139572,68.36412274,68.36412274,65.32106373,65.32106373
2,1,10,70,69.31137296,65.24283333,65.21992647,65.48105679,65.48105679,65.69494048,65.69494048,61.55135387,63.9120125,63.9120125,63.9120125,63.9120125,56.54446267,56.54446267,56.54446267,56.54446267,62.68607318,64.32511234,65.44361534,68.76918111,68.86404383,67.92851437,65.51518234,55.15094941,57.47661377,67.84933576,67.84933576,68.53597876,68.53597876,68.53597876,69.17440676,69.17440676,69.17440676,66.12087312,66.12087312,61.78771538,61.78771538,69.17440676,68.53597876,68.53597876,65.21992647,65.21992647
2,1,20,70,69.16873547,65.50530229,65.43593464,65.12201373,65.12201373,67.00075864,67.00075864,62.84669701,63.71855372,63.71855372,63.71855372,63.71855372,56.17358262,56.17358262,56.17358262,56.17358262,61.88188025,63.84517307,65.04049236,68.40785085,68.74875981,68.13322245,64.71379338,54.99722032,57.73195268,67.92953885,67.92953885,68.42111158,68.42111158,68.42111158,69.18433944,69.18433944,69.18433944,65.75175751,65.75175751,61.53352043,61.53352043,69.18433944,68.42111158,68.42111158,65.43593464,65.43593464
2,1,30,70,69.14968995,65.88371985,65.69485458,65.57700715,65.57700715,66.95261438,66.95261438,63.44345238,63.51165739,63.51165739,63.51165739,63.51165739,56.03170771,56.03170771,56.03170771,56.03170771,62.03370348,63.67530012,65.05718294,68.34664857,68.59465281,68.02436436,64.86482544,54.83175613,57.41429248,67.54276209,67.54276209,67.97586307,67.97586307,67.97586307,68.88271208,68.88271208,68.88271208,66.75495931,66.75495931,61.44800335,61.44800335,68.88271208,67.97586307,67.97586307,65.69485458,65.69485458
2,1,40,70,69.15138396,65.58283259,65.43166013,65.43800329,65.43800329,66.03637372,66.03637372,62.52529762,63.70695878,63.70695878,63.70695878,63.70695878,55.89519719,55.89519719,55.89519719,55.89519719,61.80020713,63.44770575,64.81260281,68.21627037,68.50739921,67.37552326,65.11433415,55.0096615,57.365592,67.86103393,67.86103393,68.20768572,68.20768572,68.20768572,69.12474831,69.12474831,69.12474831,66.2792442,66.2792442,61.52833641,61.52833641,69.12474831,68.20768572,68.20768572,65.43166013,65.43166013
2,1,50,70,68.96321868,65.90326634,65.73257843,65.40280317,65.40280317,65.58922736,65.58922736,61.60151144,62.91733952,62.91733952,62.91733952,62.91733952,54.98437627,54.98437627,54.98437627,54.98437627,62.31404658,63.85625013,64.23720384,67.65200699,68.25017813,67.17943598,64.25674379,54.74416172,57.18356005,67.34407532,67.34407532,67.96577364,67.96577364,67.96577364,69.08171684,69.08171684,69.08171684,65.24065775,65.24065775,61.50215223,61.50215223,69.08171684,67.96577364,67.96577364,65.73257843,65.73257843
2,2,0,70,68.9063725,65.96107622,65.56181884,65.02093372,65.02093372,66.95410587,66.95410587,62.71519185,63.12695417,63.12695417,63.12695417,63.12695417,55.31932149,55.31932149,55.31932149,55.31932149,60.97196494,62.90771847,64.83293156,68.11290707,68.5482255,68.04504541,65.05995728,54.84980503,57.16947881,66.82712006,66.82712006,67.77247324,67.77247324,67.77247324,68.85263366,68.85263366,68.85263366,64.63001362,64.63001362,61.5715285,61.5715285,68.85263366,67.77247324,67.77247324,65.56181884,65.56181884
2,2,10,70,69.13142525,65.97234602,65.71109804,65.63376943,65.63376943,65.48506653,65.48506653,61.22543768,62.95588345,62.95588345,62.95588345,62.95588345,55.32696677,55.32696677,55.32696677,55.32696677,60.29997993,62.24218181,64.58501337,68.31833363,68.66442593,67.84472625,64.92294744,54.9142016,57.2854133,67.59964631,67.59964631,68.31445139,68.31445139,68.31445139,69.21531198,69.21531198,69.21531198,64.68748621,64.68748621,61.58547319,61.58547319,69.21531198,68.31445139,68.31445139,65.71109804,65.71109804
2,2,20,70,68.67136671,65.96163286,65.7484183,65.02267598,65.02267598,66.60368231,66.60368231,63.11510854,63.34767417,63.34767417,63.34767417,63.34767417,54.83196321,54.83196321,54.83196321,54.83196321,60.09261455,62.21362545,64.12144751,67.49343438,67.79079959,66.70170467,64.40315342,54.54414338,56.82085891,67.01459948,67.01459948,68.12492263,68.12492263,68.12492263,69.15852315,69.15852315,69.15852315,64.4950889,64.4950889,61.16610487,61.16610487,69.15852315,68.12492263,68.12492263,65.7484183,65.7484183
2,2,30,70,69.04171548,65.65801821,65.36731373,65.48922673,65.48922673,65.45964636,65.45964636,62.4630894,63.23912332,63.23912332,63.23912332,63.23912332,54.38074661,54.38074661,54.38074661,54.38074661,60.65892857,62.4759954,63.75534841,67.40024664,67.99790205,67.63258439,64.0907392,54.20313261,56.99185001,67.00230528,67.00230528,67.98542836,67.98542836,67.98542836,69.11806173,69.11806173,69.11806173,63.90129354,63.90129354,60.59432171,60.59432171,69.11806173,67.98542836,67.98542836,65.36731373,65.36731373
2,2,40,70,68.95227774,66.21168581,65.99904739,65.33281554,65.33281554,65.68942577,65.68942577,61.47904995,62.9508228,62.9508228,62.9508228,62.9508228,54.88437181,54.88437181,54.88437181,54.88437181,60.36296617,61.6481734,64.12955623,68.05590855,68.37493407,67.2006137,63.5425642,54.06917622,57.64917365,67.93023312,67.93023312,68.55347939,68.55347939,68.55347939,69.15978886,69.15978886,69.15978886,64.70421334,64.70421334,60.95761313,60.95761313,69.15978886,68.55347939,68.55347939,65.99904739,65.99904739
2,2,50,70,69.30471803,66.53761887,66.23018137,65.37272677,65.37272677,65.15984477,65.15984477,62.0379902,63.44355939,63.44355939,63.44355939,63.44355939,54.41303824,54.41303824,54.41303824,54.41303824,61.2605042,62.45568394,63.40801893,67.31867083,67.34603477,65.8376772,62.68363592,53.97935602,56.63746988,67.31715142,67.31715142,67.34195552,67.34195552,67.34195552,68.76364553,68.76364553,68.76364553,64.36499489,64.36499489,60.92266425,60.92266425,68.76364553,67.34195552,67.34195552,66.23018137,66.23018137
2,3,0,70,69.02279797,66.2795445,65.75894771,65.49479332,65.49479332,66.67320261,66.67320261,62.6468254,63.26021299,63.26021299,63.26021299,63.26021299,54.95867365,54.95867365,54.95867365,54.95867365,60.53431373,62.31461335,63.54697635,66.95112723,67.56233223,66.29950587,62.58799749,53.08098971,56.69448698,67.07294962,67.07294962,67.53277032,67.53277032,67.53277032,68.63693146,68.63693146,68.63693146,65.37495677,65.37495677,60.46617098,60.46617098,68.63693146,67.53277032,67.53277032,65.75894771,65.75894771
2,3,10,70,69.4369462,66.3706634,65.93530065,65.65186694,65.65186694,66.91778711,66.91778711,62.81460084,63.53582584,63.53582584,63.53582584,63.53582584,54.00264224,54.00264224,54.00264224,54.00264224,61.62292303,62.44837821,63.05389857,66.71210418,66.89730981,65.35526309,62.15397793,52.8409062,55.86112776,66.39290079,66.39290079,67.5627554,67.5627554,67.5627554,68.77166312,68.77166312,68.77166312,64.90790688,64.90790688,60.4412405,60.4412405,68.77166312,67.5627554,67.5627554,65.93530065,65.93530065
2,3,20,70,69.28863117,66.78875149,66.38455065,65.9872008,65.9872008,66.42810458,66.42810458,63.27879902,63.72266981,63.72266981,63.72266981,63.72266981,54.35357227,54.35357227,54.35357227,54.35357227,60.36346635,61.94568327,63.33121639,67.00107314,67.48425632,65.95747294,62.61897043,53.33150281,56.0620241,66.32267778,66.32267778,67.3306525,67.3306525,67.3306525,68.88626942,68.88626942,68.88626942,65.15457994,65.15457994,60.24385248,60.24385248,68.88626942,67.3306525,67.3306525,66.38455065,66.38455065
2,3,30,70,69.24430082,66.62224022,66.38402614,65.67338368,65.67338368,66.13597106,66.13597106,62.56004902,63.53124035,63.53124035,63.53124035,63.53124035,54.73359254,54.73359254,54.73359254,54.73359254,60.16749475,61.52613738,62.74095565,66.58884771,67.1281675,66.04243123,63.44397831,53.64221557,56.10353777,66.76043535,66.76043535,66.92524391,66.92524391,66.92524391,68.65012269,68.65012269,68.65012269,64.42200036,64.42200036,60.49040464,60.49040464,68.65012269,66.92524391,66.92524391,66.38402614,66.38402614
2,3,40,70,69.0903992,66.21282801,65.73975654,65.6557414,65.6557414,65.24183007,65.24183007,61.54764823,63.16322322,63.16322322,63.16322322,63.16322322,54.65649989,54.65649989,54.65649989,54.65649989,60.81292017,62.1225957,62.83464252,66.68854428,67.29743774,66.13655984,63.0176828,53.69703838,56.40904081,66.2546101,66.2546101,67.0650256,67.0650256,67.0650256,68.81153741,68.81153741,68.81153741,64.89919064,64.89919064,60.89516362,60.89516362,68.81153741,67.0650256,67.0650256,65.73975654,65.73975654
2,3,50,70,69.60333056,66.37495672,66.00042647,66.31922502,66.31922502,64.68977591,64.68977591,61.4788457,62.8639284,62.8639284,62.8639284,62.8639284,54.21595217,54.21595217,54.21595217,54.21595217,59.91136705,61.34233944,62.86021869,66.49491544,67.25282774,65.3603468,62.26755628,52.93605135,55.8357664,66.02612271,66.02612271,67.18604973,67.18604973,67.18604973,68.60740436,68.60740436,68.60740436,65.10248776,65.10248776,60.67614979,60.67614979,68.60740436,67.18604973,67.18604973,66.00042647,66.00042647
2,4,0,70,69.06534503,66.41563207,65.93582443,66.08113976,66.08113976,65.8471808,65.8471808,62.97143838,63.32414798,63.32414798,63.32414798,63.32414798,53.8662372,53.8662372,53.8662372,53.8662372,58.00097522,60.08877908,62.05799972,65.84845706,66.51714525,65.51657173,61.71565592,52.50322941,55.32806152,64.78022446,64.78022446,66.14448693,66.14448693,66.14448693,68.25604437,68.25604437,68.25604437,62.40196761,62.40196761,59.95222762,59.95222762,68.25604437,66.14448693,66.14448693,65.93582443,65.93582443
2,4,10,70,68.04700907,65.93987153,65.60532695,65.58484627,65.58484627,64.57739596,64.57739596,61.79279452,63.49563113,63.49563113,63.49563113,63.49563113,54.07319363,54.07319363,54.07319363,54.07319363,59.45027383,61.20048975,61.95726204,65.77570475,66.27779597,64.73506302,61.19224751,52.28028768,54.67688165,64.06203124,64.06203124,66.32871025,66.32871025,66.32871025,68.4785858,68.4785858,68.4785858,61.95778873,61.95778873,59.77603805,59.77603805,68.4785858,66.32871025,66.32871025,65.60532695,65.60532695
2,4,20,70,68.55356235,65.29209608,64.77035557,64.3323482,64.3323482,63.95445261,63.95445261,61.20046977,62.45894557,62.45894557,62.45894557,62.45894557,52.84039757,52.84039757,52.84039757,52.84039757,57.02042817,58.79923303,61.72130013,64.94511625,65.27536875,64.23670903,60.79632462,50.86205749,53.75915002,63.74124453,63.74124453,65.54152347,65.54152347,65.54152347,67.89378855,67.89378855,67.89378855,63.7010005,63.7010005,59.81188846,59.81188846,67.89378855,65.54152347,65.54152347,64.77035557,64.77035557
2,4,30,70,68.80082728,66.06350094,65.43019146,65.29462713,65.29462713,65.46890756,65.46890756,62.46323529,63.16348967,63.16348967,63.16348967,63.16348967,52.33017563,52.33017563,52.33017563,52.33017563,54.47742336,57.94729369,61.20894124,64.87522993,65.29823013,63.63114154,60.69102252,51.40962015,53.4466599,63.54263612,63.54263612,65.74330142,65.74330142,65.74330142,67.92729187,67.92729187,67.92729187,62.46922679,62.46922679,60.05793895,60.05793895,67.92729187,65.74330142,65.74330142,65.43019146,65.43019146
2,4,40,70,68.57281343,65.34219029,64.63970588,65.20144562,65.20144562,64.53210784,64.53210784,61.57441449,62.77434944,62.77434944,62.77434944,62.77434944,54.30854584,54.30854584,54.30854584,54.30854584,57.6285039,59.87403962,62.90048422,66.32089091,66.67703034,66.24956719,62.51685543,52.10204716,54.53255839,64.56672951,64.56672951,66.87642838,66.87642838,66.87642838,68.59847478,68.59847478,68.59847478,63.20170514,63.20170514,60.73697925,60.73697925,68.59847478,66.87642838,66.87642838,64.63970588,64.63970588
2,4,50,70,68.65039703,65.03467136,64.19373579,64.05738585,64.05738585,65.41552288,65.41552288,62.63606345,61.59847847,61.59847847,61.59847847,61.59847847,54.42676702,54.42676702,54.42676702,54.42676702,58.30482869,60.67579397,62.98153349,66.51070362,66.9929238,65.99222096,62.28036515,52.51973724,55.04856938,65.38013483,65.38013483,67.14816152,67.14816152,67.14816152,68.59060288,68.59060288,68.59060288,64.97831267,64.97831267,61.02625891,61.02625891,68.59060288,67.14816152,67.14816152,64.19373579,64.19373579
2,5,0,70,68.56197326,64.98393942,64.16221034,64.66687318,64.66687318,65.45588235,65.45588235,62.31161492,61.55032733,61.55032733,61.55032733,61.55032733,54.01684966,54.01684966,54.01684966,54.01684966,58.22004961,60.70220247,62.58817075,66.24321159,66.408102,65.37213469,62.24943446,51.90562365,54.75677457,64.90116175,64.90116175,66.94210466,66.94210466,66.94210466,68.62969652,68.62969652,68.62969652,64.85197808,64.85197808,61.18281578,61.18281578,68.62969652,66.94210466,66.94210466,64.16221034,64.16221034
2,5,10,70,68.79724559,64.90548871,64.18143197,64.91257262,64.91257262,65.71654412,65.71654412,62.68137255,61.92760824,61.92760824,61.92760824,61.92760824,54.4176094,54.4176094,54.4176094,54.4176094,59.51991816,61.74618931,63.54032488,67.14246331,67.47405081,66.29809319,62.96382602,52.33494906,54.76196146,65.214731,65.214731,67.3023635,67.3023635,67.3023635,68.80236465,68.80236465,68.80236465,64.71228677,64.71228677,61.75853947,61.75853947,68.80236465,67.3023635,67.3023635,64.18143197,64.18143197
2,5,20,70,68.72888351,65.2555277,64.16889854,64.31196668,64.31196668,65.02328431,65.02328431,62.58592048,62.12916299,62.12916299,62.12916299,62.12916299,54.96829221,54.96829221,54.96829221,54.96829221,59.93604569,61.89135615,63.70272736,67.16312019,67.30983685,66.55930747,62.98838941,52.61749972,55.47225865,65.37399582,65.37399582,67.49562918,67.49562918,67.49562918,68.90178046,68.90178046,68.90178046,65.64827623,65.64827623,62.01429498,62.01429498,68.90178046,67.49562918,67.49562918,64.16889854,64.16889854
2,5,30,70,69.0022158,65.06439367,64.11222705,64.59466004,64.59466004,65.20039216,65.20039216,61.37346814,61.00019418,61.00019418,61.00019418,61.00019418,55.22510127,55.22510127,55.22510127,55.22510127,59.51055711,61.17687864,63.54519036,67.3669233,67.62496164,67.45427377,63.53699842,52.88450677,55.99789412,66.61813011,66.61813011,68.15129152,68.15129152,68.15129152,69.1859212,69.1859212,69.1859212,67.36300112,67.36300112,62.29660739,62.29660739,69.1859212,68.15129152,68.15129152,64.11222705,64.11222705
2,5,40,70,69.18957678,65.43309381,64.74918115,64.87272878,64.87272878,64.18147415,64.18147415,61.23059057,62.08497368,62.08497368,62.08497368,62.08497368,55.41161094,55.41161094,55.41161094,55.41161094,59.32319351,61.4397264,64.00133136,67.73423236,67.95896538,67.33926041,63.53597966,52.90205455,56.2386249,67.1671408,67.1671408,68.45866438,68.45866438,68.45866438,69.33118829,69.33118829,69.33118829,67.45544011,67.45544011,62.74708829,62.74708829,69.33118829,68.45866438,68.45866438,64.74918115,64.74918115
2,5,50,70,68.61838955,64.94300079,64.19764372,64.80352328,64.80352328,66.05368328,66.05368328,62.29829015,62.59338864,62.59338864,62.59338864,62.59338864,55.59276184,55.59276184,55.59276184,55.59276184,58.86486075,60.87531243,63.8582693,67.41766626,67.59765058,66.98791782,62.63753358,52.60751721,55.91489925,66.63120517,66.63120517,68.25160211,68.25160211,68.25160211,68.86827047,68.86827047,68.86827047,68.1334416,68.1334416,62.5865965,62.5865965,68.86827047,68.25160211,68.25160211,64.19764372,64.19764372
2,6,0,70,68.70257618,64.94068095,64.18756851,63.86851042,63.86851042,65.14954385,65.14954385,61.68221872,62.40001024,62.40001024,62.40001024,62.40001024,55.83619985,55.83619985,55.83619985,55.83619985,60.48576681,61.68095238,64.08135902,67.8780512,68.13343027,67.63465736,63.14547948,52.57791368,56.33580004,67.02507769,67.02507769,68.5211714,68.5211714,68.5211714,69.36867892,69.36867892,69.36867892,67.68711024,67.68711024,62.21577805,62.21577805,69.36867892,68.5211714,68.5211714,64.18756851,64.18756851
2,6,10,69.6,69.06919252,65.07165519,64.53117636,64.50924853,64.50924853,65.4764774,65.4764774,61.99588002,62.75032646,62.75032646,62.75032646,62.75032646,56.31008851,56.31008851,56.31008851,56.31008851,61.54334445,62.64103103,64.41825833,68.18004655,68.24842565,68.04166992,63.45807947,52.40385309,56.57549093,67.62335595,67.62335595,68.76046085,68.76046085,68.76046085,69.40977852,69.40977852,69.40977852,67.41566134,67.41566134,62.30265606,62.30265606,69.40977852,68.76046085,68.76046085,64.53117636,64.53117636
2,6,20,69.64705882,69.2969431,65.13869282,64.4020983,64.1638676,64.1638676,65.682564,65.682564,61.90697362,61.98796759,61.98796759,61.98796759,61.98796759,56.18918008,56.18918008,56.18918008,56.18918008,60.58867138,61.41286424,64.34251695,68.2720645,68.3947879,68.19360233,63.18869658,51.91225787,56.62773749,67.75675506,67.75675506,68.48355998,68.48355998,68.48355998,69.41400478,69.41400478,69.41400478,67.16592133,67.16592133,61.50868097,61.50868097,69.41400478,68.48355998,68.48355998,64.4020983,64.4020983
2,6,30,70,69.46548923,65.09925938,64.1591894,63.68702526,63.68702526,66.20555556,66.20555556,62.56768207,62.20201791,62.20201791,62.20201791,62.20201791,56.65909671,56.65909671,56.65909671,56.65909671,61.12934148,61.52360752,64.39288034,68.37229118,68.74395632,68.21096948,62.75846492,51.55613861,56.38739138,67.25899397,67.25899397,68.17993984,68.17993984,68.17993984,69.26920551,69.26920551,69.26920551,65.86177657,65.86177657,57.11361228,57.11361228,69.26920551,68.17993984,68.17993984,64.1591894,64.1591894
2,6,40,70,69.46684745,64.78690502,64.26676613,63.59119855,63.59119855,65.88139297,65.88139297,61.933756,61.81759309,61.81759309,61.81759309,61.81759309,56.90054201,56.90054201,56.90054201,56.90054201,61.28085901,61.56520191,64.20842285,68.17111441,68.50362713,68.09389709,62.44477619,51.38589654,56.68111167,67.5406312,67.5406312,67.65985744,67.65985744,67.65985744,68.94122654,68.94122654,68.94122654,64.58945669,64.58945669,39.27342337,39.27342337,68.94122654,67.65985744,67.65985744,64.26676613,64.26676613
2,6,50,70,69.48213864,64.68489628,64.22068592,63.44843115,63.44843115,65.45373775,65.45373775,61.56460084,61.57649719,61.57649719,61.57649719,61.57649719,56.81892072,56.81892072,56.81892072,56.81892072,61.25709617,61.24775327,63.46810529,67.50457051,68.64801495,67.91717806,61.44990874,50.12657206,55.38072597,64.51376344,64.51376344,65.72985797,65.72985797,65.72985797,66.51446707,66.51446707,66.51446707,49.75465852,49.75465852,26.05809946,26.05809946,66.51446707,65.72985797,65.72985797,64.22068592,64.22068592
2,7,0,70,69.58242692,64.5097611,64.18238846,63.06422783,63.06422783,63.76399101,63.76399101,59.60506536,61.00940125,61.00940125,61.00940125,61.00940125,56.18944114,56.18944114,56.18944114,56.18944114,59.9730042,59.62309174,62.58063439,66.67731105,68.37319858,67.21768049,58.17362652,48.3551587,53.4241317,60.7879883,60.7879883,58.46305221,58.46305221,58.46305221,60.18584129,60.18584129,60.18584129,37.69039473,37.69039473,25.0271652,25.0271652,60.18584129,58.46305221,58.46305221,64.18238846,64.18238846
2,7,10,70,69.42617924,64.09750432,63.51445368,62.19545465,62.19545465,62.52922794,62.52922794,55.12184874,57.73263901,57.73263901,57.73263901,57.73263901,54.5945785,54.5945785,54.5945785,54.5945785,53.90982521,51.02397664,56.24241792,58.64045295,62.73223956,59.07790189,48.0065151,42.45540949,47.44836892,49.96454206,49.96454206,48.78996708,48.78996708,48.78996708,52.58154248,52.58154248,52.58154248,29.54441247,29.54441247,22.38676528,22.38676528,52.58154248,48.78996708,48.78996708,63.51445368,63.51445368
2,7,20,70,69.36024895,63.81692121,63.306131,61.65286169,61.65286169,58.26286765,58.26286765,52.63786765,55.13976544,55.13976544,55.13976544,55.13976544,52.06740479,52.06740479,52.06740479,52.06740479,42.64883453,41.08437792,46.47588811,46.40759394,53.31048261,49.7251902,39.07028038,36.5560224,40.84750852,40.33353746,40.33353746,41.77303071,41.77303071,41.77303071,44.83331114,44.83331114,44.83331114,23.95001145,23.95001145,20.51469655,20.51469655,44.83331114,41.77303071,41.77303071,63.306131,63.306131
2,7,30,70,69.28560805,63.49646521,63.18589976,61.99980017,61.99980017,49.66482843,49.66482843,50.07142857,53.57847856,53.57847856,53.57847856,53.57847856,52.35803649,52.35803649,52.35803649,52.35803649,40.86115247,36.55954767,44.26768064,43.79840663,50.22362112,47.27363965,36.10306467,34.29875943,38.62605519,36.51450782,36.51450782,35.87714213,35.87714213,35.87714213,36.20252166,36.20252166,36.20252166,21.5928014,21.5928014,19.72458017,19.72458017,36.20252166,35.87714213,35.87714213,63.18589976,63.18589976
2,7,40,70,69.01217778,62.96469446,61.36732381,56.95468657,56.95468657,43.02325708,43.02325708,48.00431256,52.3012733,52.3012733,52.3012733,52.3012733,52.50246858,52.50246858,52.50246858,52.50246858,44.89869538,40.69316733,47.50900747,47.36464288,53.1053128,47.40463987,35.12378722,32.8828556,35.39298937,33.36767012,33.36767012,31.38795655,31.38795655,31.38795655,29.5238249,29.5238249,29.5238249,21.12977007,21.12977007,18.65405686,18.65405686,29.5238249,31.38795655,31.38795655,61.36732381,61.36732381
2,7,50,70,68.84356302,62.29650715,60.20890667,53.36465978,53.36465978,34.72962282,34.72962282,40.98462302,51.83357252,51.83357252,51.83357252,51.83357252,52.53660965,52.53660965,52.53660965,52.53660965,44.29994652,39.49435011,50.13639158,50.30383207,54.79780388,48.25841267,34.82271443,32.65828109,32.53781192,30.20107497,30.20107497,28.37076743,28.37076743,28.37076743,26.94107716,26.94107716,26.94107716,21.23470989,21.23470989,19.2148983,19.2148983,26.94107716,28.37076743,28.37076743,60.20890667,60.20890667
2,8,0,70,67.72108394,60.50698238,57.93177421,49.88226734,49.88226734,29.75804739,29.75804739,39.47859477,50.99973236,50.99973236,50.99973236,50.99973236,52.40116663,52.40116663,52.40116663,52.40116663,44.48124596,39.5658398,48.41254393,48.60049849,52.42887645,46.31840853,33.20237686,30.48509006,30.61211077,28.81375736,28.81375736,28.29263473,28.29263473,28.29263473,26.76652516,26.76652516,26.76652516,20.06369344,20.06369344,18.93123055,18.93123055,26.76652516,28.29263473,28.29263473,57.93177421,57.93177421
2,8,10,70,62.54771187,54.34433393,49.42213495,44.1877571,44.1877571,33.08139297,33.08139297,40.95896359,50.9862549,50.9862549,50.9862549,50.9862549,49.55308552,49.55308552,49.55308552,49.55308552,36.18670315,33.42630636,43.62277715,43.82352703,48.2241843,44.65197918,32.76936954,29.09425609,29.17760795,28.74138993,28.74138993,27.96325168,27.96325168,27.96325168,26.78181698,26.78181698,26.78181698,20.03142496,20.03142496,18.95263983,18.95263983,26.78181698,27.96325168,27.96325168,49.42213495,49.42213495
2,8,20,70,54.73159266,46.60352764,42.70816125,40.20745262,40.20745262,34.19117161,34.19117161,43.29797336,50.66619189,50.66619189,50.66619189,50.66619189,46.51121829,46.51121829,46.51121829,46.51121829,29.5102466,30.64051871,38.8784203,39.57441964,43.50143957,39.71796579,29.44082952,27.17449446,28.44302583,26.29872919,26.29872919,27.16289748,27.16289748,27.16289748,26.74953442,26.74953442,26.74953442,20.30694853,20.30694853,19.20241256,19.20241256,26.74953442,27.16289748,27.16289748,42.70816125,42.70816125
2,8,30,70,51.25108154,44.08146231,41.39972767,38.43346055,38.43346055,34.58895016,34.58895016,41.93933824,49.81382592,49.81382592,49.81382592,49.81382592,42.5682103,42.5682103,42.5682103,42.5682103,26.35318031,26.18036311,35.25019819,36.48423323,39.68362724,34.79790689,26.84027169,26.83464134,27.78330401,26.29388828,26.29388828,26.82885449,26.82885449,26.82885449,27.07724812,27.07724812,27.07724812,20.23072953,20.23072953,18.33181222,18.33181222,27.07724812,26.82885449,26.82885449,41.39972767,41.39972767
2,8,40,70,57.97719501,48.86816296,42.5106875,40.77983508,40.77983508,32.57162309,32.57162309,38.87855976,48.73937488,48.73937488,48.73937488,48.73937488,43.23036158,43.23036158,43.23036158,43.23036158,26.85949467,27.82368498,38.32434562,39.89773745,42.16794477,35.49841799,28.02173043,27.12035832,28.05189349,27.00834063,27.00834063,28.9843529,28.9843529,28.9843529,28.23065054,28.23065054,28.23065054,19.78058423,19.78058423,18.45456439,18.45456439,28.23065054,28.9843529,28.9843529,42.5106875,42.5106875
2,8,50,70,63.13046765,52.9432911,47.93642305,44.47872413,44.47872413,31.35906863,31.35906863,38.31407563,49.10112162,49.10112162,49.10112162,49.10112162,47.41132287,47.41132287,47.41132287,47.41132287,35.28172862,34.83397086,44.34885529,46.10951515,47.98644343,41.45898763,32.21443992,29.1476738,29.92423397,27.9961416,27.9961416,30.3866926,30.3866926,30.3866926,30.64999203,30.64999203,30.64999203,20.68264522,20.68264522,18.80209346,18.80209346,30.64999203,30.3866926,30.3866926,47.93642305,47.93642305
2,9,0,70,67.6219853,59.56116231,53.25982435,49.10931891,49.10931891,32.65718954,32.65718954,37.70561975,49.97677222,49.97677222,49.97677222,49.97677222,50.5022919,50.5022919,50.5022919,50.5022919,45.61793942,41.50625224,51.36933445,53.27389795,56.45717531,50.11877918,38.63028812,32.27629282,32.25754851,31.85284501,31.85284501,33.45003919,33.45003919,33.45003919,34.01612324,34.01612324,34.01612324,21.40148101,21.40148101,18.80670431,18.80670431,34.01612324,33.45003919,33.45003919,53.25982435,53.25982435
2,9,10,70,67.41674683,61.54812728,58.34093323,50.79854189,50.79854189,35.08462691,35.08462691,36.32098506,50.97601044,50.97601044,50.97601044,50.97601044,50.48843321,50.48843321,50.48843321,50.48843321,46.95337654,43.3912667,54.14460304,57.73011362,59.64372829,53.98500499,44.60871923,37.66720858,37.30769543,38.16145284,38.16145284,37.03691618,37.03691618,37.03691618,37.36522476,37.36522476,37.36522476,22.18852115,22.18852115,19.64041999,19.64041999,37.36522476,37.03691618,37.03691618,58.34093323,58.34093323
2,9,20,70,66.64486609,62.47781306,59.46634173,50.89414148,50.89414148,35.63854847,35.63854847,37.61660247,51.08799303,51.08799303,51.08799303,51.08799303,52.08002592,52.08002592,52.08002592,52.08002592,48.82437475,45.5076614,56.16268192,59.6000981,59.62926645,52.18220232,45.34248207,38.41715173,39.14451756,41.68323176,41.68323176,40.0035636,40.0035636,40.0035636,39.88702951,39.88702951,39.88702951,24.32705769,24.32705769,21.64245965,21.64245965,39.88702951,40.0035636,40.0035636,59.46634173,59.46634173
2,9,30,70,65.63373171,62.03055295,59.54610443,51.89540101,51.89540101,39.54524101,39.54524101,41.37833217,51.09772709,51.09772709,51.09772709,51.09772709,52.78137611,52.78137611,52.78137611,52.78137611,51.13547405,49.03188511,56.86979392,60.40088614,60.4640459,52.04218813,45.92067397,39.78186696,40.92542012,44.46827749,44.46827749,43.19739981,43.19739981,43.19739981,45.77800656,45.77800656,45.77800656,28.86915629,28.86915629,21.27444255,21.27444255,45.77800656,43.19739981,43.19739981,59.54610443,59.54610443
2,9,40,70,66.76362513,62.95301035,62.07394348,53.43556645,53.43556645,43.82929019,43.82929019,41.39413182,50.57999211,50.57999211,50.57999211,50.57999211,53.25716684,53.25716684,53.25716684,53.25716684,50.41067276,48.06615049,57.05186334,60.98444455,61.22529885,54.05798799,47.38728426,40.54687766,42.236273,47.92820959,47.92820959,47.78235758,47.78235758,47.78235758,51.19487315,51.19487315,51.19487315,32.30921359,32.30921359,21.71982734,21.71982734,51.19487315,47.78235758,47.78235758,62.07394348,62.07394348
2,9,50,70,67.52137504,61.84193962,62.25484679,56.44348221,56.44348221,45.31038943,45.31038943,41.85200747,52.43539966,52.43539966,52.43539966,52.43539966,53.9883247,53.9883247,53.9883247,53.9883247,57.50454644,54.69659826,58.9909481,63.54193745,64.19096621,59.45932655,52.55404579,42.90458371,44.91194727,49.981263,49.981263,54.19594021,54.19594021,54.19594021,55.89909616,55.89909616,55.89909616,35.167899,35.167899,22.10760525,22.10760525,55.89909616,54.19594021,54.19594021,62.25484679,62.25484679
2,10,0,70,68.37665878,61.89899687,61.60495538,60.00647005,60.00647005,44.14824346,44.14824346,40.64815009,52.72768495,52.72768495,52.72768495,52.72768495,54.04379558,54.04379558,54.04379558,54.04379558,57.96929124,56.69876712,60.07559068,65.17063095,65.8493155,61.18561047,54.69850316,44.00952687,47.00360387,55.00193202,55.00193202,57.22994152,57.22994152,57.22994152,58.11700889,58.11700889,58.11700889,43.16512329,43.16512329,26.3825173,26.3825173,58.11700889,57.22994152,57.22994152,61.60495538,61.60495538
2,10,10,70,68.57232258,62.03424217,60.43765026,59.60229055,59.60229055,47.81224323,47.81224323,42.205428,53.60300128,53.60300128,53.60300128,53.60300128,54.24174844,54.24174844,54.24174844,54.24174844,58.82503084,57.62285427,59.61106413,64.61843765,65.16666081,62.10106661,57.01792255,45.20108497,47.55486669,57.12131473,57.12131473,58.71454183,58.71454183,58.71454183,61.25649283,61.25649283,61.25649283,54.16999844,54.16999844,33.13391296,33.13391296,61.25649283,58.71454183,58.71454183,60.43765026,60.43765026
2,10,20,70,68.14070241,61.14927875,60.37982928,59.54043602,59.54043602,57.83176743,57.83176743,47.10692694,54.11015962,54.11015962,54.11015962,54.11015962,54.27369565,54.27369565,54.27369565,54.27369565,58.15186459,57.24149755,59.40490585,64.51044121,63.69046457,60.31681354,56.41078854,45.54268519,48.63356399,58.25322452,58.25322452,60.8855852,60.8855852,60.8855852,64.06855316,64.06855316,64.06855316,58.60336184,58.60336184,37.71040606,37.71040606,64.06855316,60.8855852,60.8855852,60.37982928,60.37982928
2,10,30,70,68.50794338,62.04758929,60.68309436,60.03710592,60.03710592,59.61819172,59.61819172,49.2580824,54.69725569,54.69725569,54.69725569,54.69725569,54.02508115,54.02508115,54.02508115,54.02508115,57.2806297,56.72593273,59.68057592,64.9413337,64.83896115,61.9828,56.98032674,45.66619803,48.19289883,58.81107369,58.81107369,61.71638765,61.71638765,61.71638765,64.23484017,64.23484017,64.23484017,58.5221978,58.5221978,43.02941839,43.02941839,64.23484017,61.71638765,61.71638765,60.68309436,60.68309436
2,10,40,70,68.68792118,62.88994681,61.5203009,60.14737328,60.14737328,59.70539216,59.70539216,49.80330882,55.34789907,55.34789907,55.34789907,55.34789907,53.88235671,53.88235671,53.88235671,53.88235671,57.30321478,56.30265942,59.41194535,65.32855993,65.34260427,63.53114406,57.8097138,46.0858142,48.66978461,59.58830926,59.58830926,62.26342093,62.26342093,62.26342093,65.65666406,65.65666406,65.65666406,59.67703648,59.67703648,41.95337931,41.95337931,65.65666406,62.26342093,62.26342093,61.5203009,61.5203009
2,10,50,70,68.6729655,62.84170774,61.97086098,61.21109443,61.21109443,62.22487423,62.22487423,54.80942522,56.15978359,56.15978359,56.15978359,56.15978359,54.04883442,54.04883442,54.04883442,54.04883442,56.90732728,55.69425381,59.26676664,65.04167253,64.9894723,63.32704823,58.31711909,46.98511831,50.18683291,61.40050241,61.40050241,63.44954981,63.44954981,63.44954981,66.61966168,66.61966168,66.61966168,60.50265701,60.50265701,43.20270233,43.20270233,66.61966168,63.44954981,63.44954981,61.97086098,61.97086098
2,11,0,70,68.15510359,62.76903581,62.7277921,61.35698239,61.35698239,61.50811547,61.50811547,55.71306022,55.99335113,55.99335113,55.99335113,55.99335113,53.93398053,53.93398053,53.93398053,53.93398053,57.19408206,56.59264392,58.70201804,63.49215618,63.59008557,62.60863149,57.7835453,46.31741699,49.23844443,60.49159483,60.49159483,63.90874173,63.90874173,63.90874173,66.33686548,66.33686548,66.33686548,62.27722394,62.27722394,47.82482433,47.82482433,66.33686548,63.90874173,63.90874173,62.7277921,62.7277921
2,11,10,70,68.60449662,62.92270186,62.50115564,61.63952371,61.63952371,60.20618873,60.20618873,55.89259454,55.10023505,55.10023505,55.10023505,55.10023505,53.39856827,53.39856827,53.39856827,53.39856827,56.94390969,56.19756944,57.93529751,62.53891673,61.9220002,60.92255904,55.6923828,45.15972628,48.79382362,59.22761285,59.22761285,63.99271928,63.99271928,63.99271928,66.69708413,66.69708413,66.69708413,62.08259956,62.08259956,48.31055895,48.31055895,66.69708413,63.99271928,63.99271928,62.50115564,62.50115564
2,11,20,70,68.47504226,63.22670035,62.91757279,62.05557551,62.05557551,57.81433824,57.81433824,53.15441176,54.96683684,54.96683684,54.96683684,54.96683684,53.43709898,53.43709898,53.43709898,53.43709898,57.40511666,56.43632761,58.35764191,63.87411984,63.31152216,61.76957926,56.78148408,43.80911645,47.38463891,58.1143497,58.1143497,62.95266991,62.95266991,62.95266991,66.14179678,66.14179678,66.14179678,62.7131025,62.7131025,48.4193314,48.4193314,66.14179678,62.95266991,62.95266991,62.91757279,62.91757279
2,11,30,70,67.7988514,62.91190734,62.6178481,61.71599179,61.71599179,58.52258987,58.52258987,55.1977416,55.17219062,55.17219062,55.17219062,55.17219062,52.82398833,52.82398833,52.82398833,52.82398833,56.45442763,55.7848655,58.23359285,63.66717216,62.62793372,62.25969617,57.14679429,43.22504562,46.0025452,57.05433967,57.05433967,62.36309799,62.36309799,62.36309799,66.02492862,66.02492862,66.02492862,60.65056867,60.65056867,46.93455563,46.93455563,66.02492862,62.36309799,62.36309799,62.6178481,62.6178481
2,11,40,70,68.01111328,63.19706118,62.7338553,61.62380784,61.62380784,58.54592184,58.54592184,54.328338,55.16638459,55.16638459,55.16638459,55.16638459,53.18379099,53.18379099,53.18379099,53.18379099,56.61076007,55.56028245,57.23631126,62.56852653,62.32367024,62.29450797,56.34476493,43.25247253,46.42059715,58.03837803,58.03837803,62.68430855,62.68430855,62.68430855,65.98779577,65.98779577,65.98779577,60.1661165,60.1661165,43.7435615,43.7435615,65.98779577,62.68430855,62.68430855,62.7338553,62.7338553
2,11,50,70,68.73988387,63.04167599,62.82120284,62.03255498,62.03255498,58.58960376,58.58960376,56.19327731,55.34090298,55.34090298,55.34090298,55.34090298,53.88324538,53.88324538,53.88324538,53.88324538,57.01173557,56.02307064,57.69082556,63.05943516,62.42086827,62.70789813,57.18973727,44.50874021,48.64733603,59.12390479,59.12390479,62.7219594,62.7219594,62.7219594,66.20455794,66.20455794,66.20455794,59.36797486,59.36797486,43.08572311,43.08572311,66.20455794,62.7219594,62.7219594,62.82120284,62.82120284
2,12,0,70,68.44618006,62.90491721,62.51047237,61.77879019,61.77879019,58.98554602,58.98554602,55.00816993,55.83808152,55.83808152,55.83808152,55.83808152,53.25487292,53.25487292,53.25487292,53.25487292,55.76470525,55.33767094,58.39091237,63.68387469,63.24322224,63.10402561,57.70197702,44.51389077,48.2091462,59.13330622,59.13330622,62.81037954,62.81037954,62.81037954,66.17626183,66.17626183,66.17626183,60.16103462,60.16103462,41.87258198,41.87258198,66.17626183,62.81037954,62.81037954,62.51047237,62.51047237
2,12,10,70,68.41494045,62.83588709,62.42449938,61.55732979,61.55732979,61.03576847,61.03576847,56.20216649,54.51718367,54.51718367,54.51718367,54.51718367,52.27380687,52.27380687,52.27380687,52.27380687,54.15465848,52.51441904,57.24858505,62.76482812,62.31720716,61.63881775,56.13971777,43.76316089,47.06292643,57.43942009,57.43942009,62.5324147,62.5324147,62.5324147,65.35395435,65.35395435,65.35395435,58.39541731,58.39541731,41.84791039,41.84791039,65.35395435,62.5324147,62.5324147,62.42449938,62.42449938
2,12,20,70,68.3041127,62.70268424,62.43754271,61.26227951,61.26227951,62.20719538,62.20719538,54.03356749,53.64289997,53.64289997,53.64289997,53.64289997,52.37333443,52.37333443,52.37333443,52.37333443,53.86632589,52.66861923,56.974112,62.12907785,61.57439018,60.30498239,52.53956921,41.08199508,43.79680492,53.95880423,53.95880423,60.21474317,60.21474317,60.21474317,64.250015,64.250015,64.250015,57.38903872,57.38903872,38.50243864,38.50243864,64.250015,60.21474317,60.21474317,62.43754271,62.43754271
2,12,30,70,68.39903284,62.76069489,62.45049205,61.29378091,61.29378091,59.63868464,59.63868464,54.52645016,53.27439388,53.27439388,53.27439388,53.27439388,51.56897603,51.56897603,51.56897603,51.56897603,54.40965456,52.87961631,56.7101293,61.23990183,59.69606766,58.23674123,48.95420419,37.76670839,41.64564365,51.35450386,51.35450386,59.39207289,59.39207289,59.39207289,63.69876967,63.69876967,63.69876967,54.58258103,54.58258103,35.63644424,35.63644424,63.69876967,59.39207289,59.39207289,62.45049205,62.45049205
2,12,40,70,68.37857383,62.70765248,62.56295253,61.08877549,61.08877549,56.35340803,56.35340803,53.64137561,52.01869715,52.01869715,52.01869715,52.01869715,51.56816054,51.56816054,51.56816054,51.56816054,54.91536381,53.52107596,55.29120704,58.10253106,55.86149507,54.9264393,46.67929759,36.10353474,39.34650772,51.09639518,51.09639518,58.50508471,58.50508471,58.50508471,63.80439644,63.80439644,63.80439644,53.03580428,53.03580428,30.4738895,30.4738895,63.80439644,58.50508471,58.50508471,62.56295253,62.56295253
2,12,50,70,68.47706282,62.61552619,61.48658602,59.95901572,59.95901572,55.41097689,55.41097689,53.92371324,52.58642557,52.58642557,52.58642557,52.58642557,50.30048079,50.30048079,50.30048079,50.30048079,54.15953583,53.60868984,54.35255845,56.73650772,54.19273698,54.51198459,47.61540017,36.13038482,39.33592797,50.88719683,50.88719683,57.3064888,57.3064888,57.3064888,62.6870091,62.6870091,62.6870091,51.39194754,51.39194754,29.93299111,29.93299111,62.6870091,57.3064888,57.3064888,61.48658602,61.48658602
2,13,0,70,68.52163397,62.65138718,61.24448264,59.06098383,59.06098383,51.71606559,51.71606559,52.34586908,52.06582317,52.06582317,52.06582317,52.06582317,50.71262279,50.71262279,50.71262279,50.71262279,54.22945592,53.43425059,53.73493533,55.66887125,53.05892324,54.2980646,46.05971951,34.17080098,37.50558617,48.51733074,48.51733074,55.33188293,55.33188293,55.33188293,60.35174537,60.35174537,60.35174537,51.69856725,51.69856725,32.14257531,32.14257531,60.35174537,55.33188293,55.33188293,61.24448264,61.24448264
2,13,10,70,68.6185511,62.96188086,62.52366071,59.0782675,59.0782675,52.21079599,52.21079599,51.21185662,51.05500257,51.05500257,51.05500257,51.05500257,50.255106,50.255106,50.255106,50.255106,53.61928239,53.22542892,50.39891772,50.35185216,47.80092254,47.4124585,40.68234219,32.9301584,36.96738601,45.00937565,45.00937565,54.16400288,54.16400288,54.16400288,59.96115187,59.96115187,59.96115187,51.52370914,51.52370914,31.26339472,31.26339472,59.96115187,54.16400288,54.16400288,62.52366071,62.52366071
2,13,20,70,68.33393749,62.44988196,61.34851588,56.83268889,56.83268889,49.98923903,49.98923903,51.38782169,49.45410138,49.45410138,49.45410138,49.45410138,47.64794786,47.64794786,47.64794786,47.64794786,51.31633159,47.17979155,41.71615203,42.79706174,41.57400371,41.16093483,35.8356286,31.75395704,36.15425254,44.30838088,44.30838088,55.23824435,55.23824435,55.23824435,61.67982856,61.67982856,61.67982856,50.27862835,50.27862835,29.21052173,29.21052173,61.67982856,55.23824435,55.23824435,61.34851588,61.34851588
2,13,30,70,68.24649151,62.33828524,60.35136475,55.87661191,55.87661191,52.36370798,52.36370798,50.59030331,48.45008002,48.45008002,48.45008002,48.45008002,44.38486119,44.38486119,44.38486119,44.38486119,41.28389966,39.00266717,38.94595309,40.39377834,38.04253189,36.02822418,32.15136418,29.90386449,34.42030955,43.10986751,43.10986751,53.1652239,53.1652239,53.1652239,60.04896707,60.04896707,60.04896707,44.8355319,44.8355319,27.08302737,27.08302737,60.04896707,53.1652239,53.1652239,60.35136475,60.35136475
2,13,40,69.5,68.25571399,61.83959494,59.72401404,54.63215863,54.63215863,50.96740196,50.96740196,51.34595134,47.73810681,47.73810681,47.73810681,47.73810681,40.62374786,40.62374786,40.62374786,40.62374786,34.98358844,35.49599673,35.92613397,35.78006486,32.3916552,31.76036507,30.7029888,30.20073027,34.58017404,40.79444145,40.79444145,52.20643638,52.20643638,52.20643638,57.28137511,57.28137511,57.28137511,40.43516071,40.43516071,24.2607065,24.2607065,57.28137511,52.20643638,52.20643638,59.72401404,59.72401404
2,13,50,69.3125,68.47023874,62.175689,58.60707999,54.26712736,54.26712736,46.77436975,46.77436975,51.11447829,47.26125031,47.26125031,47.26125031,47.26125031,35.21030248,35.21030248,35.21030248,35.21030248,35.26996372,34.30569453,33.56295803,33.58202299,30.22186391,30.76817584,30.41659896,28.86094929,32.80693497,39.57249051,39.57249051,49.39854695,49.39854695,49.39854695,52.98070613,52.98070613,52.98070613,38.6574977,38.6574977,23.19060124,23.19060124,52.98070613,49.39854695,49.39854695,58.60707999,58.60707999
2,14,0,70,68.23309731,62.08238398,60.24534128,55.55868396,55.55868396,47.30931956,47.30931956,51.66023284,47.52284676,47.52284676,47.52284676,47.52284676,32.52770307,32.52770307,32.52770307,32.52770307,33.97739707,33.23609334,33.46649118,32.74086674,29.48124902,28.80659116,28.38923131,27.80951075,31.59197855,39.6103071,39.6103071,47.2014385,47.2014385,47.2014385,50.92819142,50.92819142,50.92819142,34.9619192,34.9619192,21.3829997,21.3829997,50.92819142,47.2014385,47.2014385,60.24534128,60.24534128
2,14,10,70,68.29300579,61.23026722,57.52953431,53.44047408,53.44047408,47.86108193,47.86108193,50.3605239,45.13984368,45.13984368,45.13984368,45.13984368,32.24642615,32.24642615,32.24642615,32.24642615,33.13619193,33.79240939,32.34764744,30.27507491,28.2292894,26.79501182,27.86735449,27.76087609,31.89611639,39.10401549,39.10401549,45.43050381,45.43050381,45.43050381,49.91228588,49.91228588,49.91228588,29.83362201,29.83362201,19.74698337,19.74698337,49.91228588,45.43050381,45.43050381,57.52953431,57.52953431
2,14,20,70,68.31394667,60.24928279,54.40645292,46.78362787,46.78362787,46.13384104,46.13384104,48.98716518,41.74292936,41.74292936,41.74292936,41.74292936,28.52660472,28.52660472,28.52660472,28.52660472,30.18786204,32.5880196,30.21918555,28.46708898,26.45303002,25.5639699,27.31774259,27.17469922,29.55852066,36.92858538,36.92858538,43.26985667,43.26985667,43.26985667,45.00111646,45.00111646,45.00111646,25.72290684,25.72290684,19.24374531,19.24374531,45.00111646,43.26985667,43.26985667,54.40645292,54.40645292
2,14,30,70,67.38771604,57.38618879,44.222336,34.17474693,34.17474693,42.0101599,42.0101599,47.01635665,38.82607472,38.82607472,38.82607472,38.82607472,26.61200902,26.61200902,26.61200902,26.61200902,31.34775776,32.51886469,30.85699146,28.11085339,26.08934269,25.46858157,27.3310991,27.21385885,30.47692701,36.87836257,36.87836257,38.95843685,38.95843685,38.95843685,39.97221089,39.97221089,39.97221089,24.39446314,24.39446314,17.9090715,17.9090715,39.97221089,38.95843685,38.95843685,44.222336,44.222336
2,14,40,70,65.76267642,51.79069243,35.49123153,27.90698088,27.90698088,40.90487862,40.90487862,45.92026654,36.23660576,36.23660576,36.23660576,36.23660576,25.91229509,25.91229509,25.91229509,25.91229509,29.32587243,31.06544701,30.19460127,27.62456718,24.92489446,23.16642701,25.31799705,26.41999599,28.64016539,36.79173379,36.79173379,37.3469355,37.3469355,37.3469355,38.27505369,38.27505369,38.27505369,22.56594071,22.56594071,17.37607647,17.37607647,38.27505369,37.3469355,37.3469355,35.49123153,35.49123153
2,14,50,68.92307692,67.8160851,58.03657425,40.30264683,32.15699489,32.15699489,43.93964618,43.93964618,48.05229352,35.74011572,35.74011572,35.74011572,35.74011572,23.51904811,23.51904811,23.51904811,23.51904811,29.64910387,33.09075438,28.25344204,26.15737634,24.53525144,24.77869319,26.51064763,26.28935916,28.20893746,36.32657774,36.32657774,35.36182136,35.36182136,35.36182136,36.79464695,36.79464695,36.79464695,22.41805013,22.41805013,16.51806365,16.51806365,36.79464695,35.36182136,35.36182136,40.30264683,40.30264683
2,15,0,70,68.39824961,61.82442492,50.71212347,43.59720014,43.59720014,39.54864613,39.54864613,45.66640552,32.65738281,32.65738281,32.65738281,32.65738281,23.07437017,23.07437017,23.07437017,23.07437017,30.14548666,31.84223689,27.90732187,26.32422026,23.4679308,23.57535165,25.66879226,25.71098963,27.54670958,36.65009408,36.65009408,34.15242217,34.15242217,34.15242217,35.57212642,35.57212642,35.57212642,21.44982287,21.44982287,15.36862222,15.36862222,35.57212642,34.15242217,34.15242217,50.71212347,50.71212347
2,15,10,70,68.73677392,61.39759134,49.62507847,40.35234905,40.35234905,40.14313725,40.14313725,44.42340686,29.05743139,29.05743139,29.05743139,29.05743139,23.77107167,23.77107167,23.77107167,23.77107167,27.78558455,29.960492,27.33083103,25.80856747,23.85445039,24.40217373,26.02866278,25.84966849,26.86466747,32.07584293,32.07584293,31.86325804,31.86325804,31.86325804,32.02694999,32.02694999,32.02694999,20.19230626,20.19230626,15.23736646,15.23736646,32.02694999,31.86325804,31.86325804,49.62507847,49.62507847
2,15,20,70,68.54947199,59.4566264,43.86502558,34.03885556,34.03885556,40.04569328,40.04569328,44.32054228,25.49271725,25.49271725,25.49271725,25.49271725,22.36271035,22.36271035,22.36271035,22.36271035,29.25711996,29.07732304,26.12373995,24.64345956,23.21488014,23.22071943,24.8243875,24.72863736,25.06204234,30.62090679,30.62090679,30.7762055,30.7762055,30.7762055,33.68482122,33.68482122,33.68482122,18.73117949,18.73117949,15.50385517,15.50385517,33.68482122,30.7762055,30.7762055,43.86502558,43.86502558
2,15,30,70,68.32305006,61.03714717,44.8272813,34.57668218,34.57668218,39.63103992,39.63103992,42.53391033,21.69170383,21.69170383,21.69170383,21.69170383,20.62408399,20.62408399,20.62408399,20.62408399,23.21206883,23.51630164,24.86224841,23.5918584,21.95172999,22.77573692,24.37600435,24.00323191,24.2932356,29.56005422,29.56005422,30.487408,30.487408,30.487408,33.29545526,33.29545526,33.29545526,18.99545213,18.99545213,16.32124111,16.32124111,33.29545526,30.487408,30.487408,44.8272813,44.8272813
2,15,40,70,68.35498296,60.95420168,41.0375807,30.00566248,30.00566248,37.82773109,37.82773109,42.21920956,20.81531655,20.81531655,20.81531655,20.81531655,19.23524968,19.23524968,19.23524968,19.23524968,21.21999592,22.79731073,24.53923678,23.32441255,22.06401529,22.35740947,23.95323226,24.47137448,24.9613155,28.00497826,28.00497826,31.13761376,31.13761376,31.13761376,35.54988743,35.54988743,35.54988743,18.50702715,18.50702715,16.06312215,16.06312215,35.54988743,31.13761376,31.13761376,41.0375807,41.0375807
2,15,50,70,68.54508245,60.91577679,40.92325819,26.04602944,26.04602944,38.58553421,38.58553421,40.92801339,17.61416086,17.61416086,17.61416086,17.61416086,18.84456253,18.84456253,18.84456253,18.84456253,17.85651552,20.38872549,23.45579334,22.51641262,21.46911446,22.05088799,24.06493857,24.91976962,25.57448191,28.47697501,28.47697501,29.95724472,29.95724472,29.95724472,32.24435551,32.24435551,32.24435551,17.31694159,17.31694159,15.76686159,15.76686159,32.24435551,29.95724472,29.95724472,40.92325819,40.92325819
2,16,0,70,68.53138463,58.67872764,42.99488669,27.84524961,27.84524961,37.65703295,37.65703295,40.63459967,16.63626509,16.63626509,16.63626509,16.63626509,17.60169354,17.60169354,17.60169354,17.60169354,21.28093064,20.26915064,22.90450273,22.07334337,21.74364235,21.67098686,23.50037188,24.8344493,25.71451292,29.16633744,29.16633744,29.60908535,29.60908535,29.60908535,31.47535578,31.47535578,31.47535578,19.29938914,19.29938914,15.51266376,15.51266376,31.47535578,29.60908535,29.60908535,42.99488669,42.99488669
2,16,10,70,68.74284348,53.74654783,38.49414099,24.51876917,24.51876917,37.97661356,37.97661356,40.93930322,16.16050601,16.16050601,16.16050601,16.16050601,17.62188526,17.62188526,17.62188526,17.62188526,17.38808693,19.84679959,21.60257054,20.98029908,20.15919205,21.57028198,23.57455092,24.04626404,24.83013557,27.98786503,27.98786503,30.98270187,30.98270187,30.98270187,33.36050114,33.36050114,33.36050114,17.93648242,17.93648242,14.75292988,14.75292988,33.36050114,30.98270187,30.98270187,38.49414099,38.49414099
2,16,20,70,68.51100312,56.48565155,37.04984021,21.21386393,21.21386393,36.0591299,36.0591299,39.55120215,15.51581295,15.51581295,15.51581295,15.51581295,16.77561226,16.77561226,16.77561226,16.77561226,17.92381828,20.19993873,21.84922471,21.48686982,20.41980582,21.06224936,23.80373614,23.89346096,23.73809021,27.56625018,27.56625018,30.89270004,30.89270004,30.89270004,31.2830989,31.2830989,31.2830989,16.79393402,16.79393402,14.27544077,14.27544077,31.2830989,30.89270004,30.89270004,37.04984021,37.04984021
2,16,30,70,68.80835148,56.39973739,40.48350111,26.76748826,26.76748826,36.5933415,36.5933415,39.72391457,14.72505,14.72505,14.72505,14.72505,16.64413326,16.64413326,16.64413326,16.64413326,17.27991039,19.63607869,21.49681492,20.28303907,18.97590186,20.57961418,23.25519437,23.75519122,24.83300942,27.89563293,27.89563293,29.93484897,29.93484897,29.93484897,33.45498846,33.45498846,33.45498846,18.2526822,18.2526822,13.15007713,13.15007713,33.45498846,29.93484897,29.93484897,40.48350111,40.48350111
2,16,40,70,68.49572318,60.98614285,41.59405988,26.84818344,26.84818344,33.70792484,33.70792484,38.04055205,15.17727211,15.17727211,15.17727211,15.17727211,15.95299867,15.95299867,15.95299867,15.95299867,17.56518328,20.70058648,21.25696491,20.27034563,19.15079309,19.41878631,22.84258052,23.45644097,23.92269539,28.21906804,28.21906804,30.30853872,30.30853872,30.30853872,32.65744252,32.65744252,32.65744252,16.84916854,16.84916854,13.46535806,13.46535806,32.65744252,30.30853872,30.30853872,41.59405988,41.59405988
2,16,50,70,69.12918644,62.56805575,47.21218097,29.87048133,29.87048133,37.58310866,37.58310866,40.71698179,14.91580904,14.91580904,14.91580904,14.91580904,16.05887261,16.05887261,16.05887261,16.05887261,19.1877406,18.66706445,21.67343958,21.09289321,19.81427062,21.5577251,23.97071367,23.69484077,24.27878638,29.95081964,29.95081964,30.01521694,30.01521694,30.01521694,34.90374592,34.90374592,34.90374592,16.07343279,16.07343279,13.43835105,13.43835105,34.90374592,30.01521694,30.01521694,47.21218097,47.21218097
2,17,0,70,69.04980313,63.07821007,51.7566051,38.28129302,38.28129302,36.94257703,36.94257703,40.29157475,15.63476383,15.63476383,15.63476383,15.63476383,16.09667298,16.09667298,16.09667298,16.09667298,16.71235203,19.10559747,21.85701083,21.20870783,20.0627092,21.83382999,23.77828215,24.26396249,25.20757662,30.26678692,30.26678692,29.77435518,29.77435518,29.77435518,33.67032921,33.67032921,33.67032921,17.72400024,17.72400024,14.44832432,14.44832432,33.67032921,29.77435518,29.77435518,51.7566051,51.7566051
2,17,10,70,69.2152095,62.71896287,50.08534857,37.44520726,37.44520726,36.91652911,36.91652911,39.41271665,15.24663361,15.24663361,15.24663361,15.24663361,15.82461076,15.82461076,15.82461076,15.82461076,16.42971814,20.18776552,22.69726705,22.01200964,21.21860714,22.47867443,24.80655514,24.69624377,25.85327776,30.58810982,30.58810982,30.16781829,30.16781829,30.16781829,32.80830578,32.80830578,32.80830578,17.98195379,17.98195379,13.96002823,13.96002823,32.80830578,30.16781829,30.16781829,50.08534857,50.08534857
2,17,20,70,68.82690158,62.41602037,50.89633296,31.73458071,31.73458071,36.68589325,36.68589325,39.65483193,14.73952107,14.73952107,14.73952107,14.73952107,16.50264894,16.50264894,16.50264894,16.50264894,17.46894519,20.84025444,22.84425984,22.09774126,20.75004963,21.33317316,24.16350032,24.9289022,26.66377731,32.44658574,32.44658574,29.49691462,29.49691462,29.49691462,31.00938804,31.00938804,31.00938804,17.56785959,17.56785959,13.85881804,13.85881804,31.00938804,29.49691462,29.49691462,50.89633296,50.89633296
2,17,30,70,68.96500345,62.89802546,50.4719281,29.15212058,29.15212058,36.64370818,36.64370818,38.99847022,14.65935198,14.65935198,14.65935198,14.65935198,16.15832616,16.15832616,16.15832616,16.15832616,19.24763446,19.48872125,22.88457921,22.1852209,21.18026684,22.89905128,24.79276878,24.3543794,24.95605096,29.41180613,29.41180613,29.54564426,29.54564426,29.54564426,33.63218373,33.63218373,33.63218373,16.18223811,16.18223811,13.35733532,13.35733532,33.63218373,29.54564426,29.54564426,50.4719281,50.4719281
2,17,40,70,68.17460795,63.07168236,48.92077336,27.95684418,27.95684418,34.55539716,34.55539716,37.5155681,14.52764923,14.52764923,14.52764923,14.52764923,16.36600782,16.36600782,16.36600782,16.36600782,17.69305503,19.94622724,22.76912176,21.91940143,20.92338229,22.5456962,23.80840467,24.37439458,25.02266958,29.43405169,29.43405169,29.05787384,29.05787384,29.05787384,30.99866178,30.99866178,30.99866178,18.15987025,18.15987025,14.03164121,14.03164121,30.99866178,29.05787384,29.05787384,48.92077336,48.92077336
2,17,50,70,67.47771011,62.35862153,47.53519991,31.09182887,31.09182887,35.44152661,35.44152661,37.58065257,15.32126518,15.32126518,15.32126518,15.32126518,16.37656378,16.37656378,16.37656378,16.37656378,16.28317195,19.19802956,23.3121807,22.85340669,21.64279332,21.92726305,23.83353473,23.9104788,24.57228857,29.53828005,29.53828005,30.39018212,30.39018212,30.39018212,33.43411945,33.43411945,33.43411945,18.53569131,18.53569131,14.03476936,14.03476936,33.43411945,30.39018212,30.39018212,47.53519991,47.53519991
2,18,0,70,67.90395191,63.49549354,49.02905592,35.98277803,35.98277803,35.81888422,35.81888422,38.47173713,15.35640133,15.35640133,15.35640133,15.35640133,16.43383999,16.43383999,16.43383999,16.43383999,17.63683204,20.49469762,23.21571543,23.31442271,23.32319694,23.41418428,24.4454817,25.07842674,26.81081031,30.38893088,30.38893088,30.92128198,30.92128198,30.92128198,35.05588258,35.05588258,35.05588258,19.5907105,19.5907105,15.1735059,15.1735059,35.05588258,30.92128198,30.92128198,49.02905592,49.02905592
2,18,10,70,67.85972497,62.96863075,48.63029604,35.96542966,35.96542966,35.66497599,35.66497599,39.94292936,16.12717675,16.12717675,16.12717675,16.12717675,16.88550974,16.88550974,16.88550974,16.88550974,17.90144233,21.37978843,23.58698403,23.00726129,22.40456848,22.9262045,24.7225622,25.12217726,26.11452753,32.20778977,32.20778977,31.44161908,31.44161908,31.44161908,34.96131913,34.96131913,34.96131913,20.99995324,20.99995324,16.65084316,16.65084316,34.96131913,31.44161908,31.44161908,48.63029604,48.63029604
2,18,20,70,67.77510378,61.46235523,43.80204546,31.78756681,31.78756681,35.10202206,35.10202206,38.54353408,15.97454705,15.97454705,15.97454705,15.97454705,17.49184838,17.49184838,17.49184838,17.49184838,17.19717748,20.9328869,24.15020677,23.14013617,21.18553815,21.58735191,24.62971626,25.31907308,26.72547733,32.08821446,32.08821446,31.95314587,31.95314587,31.95314587,36.12823528,36.12823528,36.12823528,25.93143559,25.93143559,17.54818576,17.54818576,36.12823528,31.95314587,31.95314587,43.80204546,43.80204546
2,18,30,70,68.84911436,63.15866339,44.56434667,29.77252768,29.77252768,33.80896718,33.80896718,37.27639714,16.17582124,16.17582124,16.17582124,16.17582124,17.28234903,17.28234903,17.28234903,17.28234903,17.84388307,21.9951785,23.68522025,23.06303187,21.78675782,22.44003881,25.14839315,25.26492975,27.13092817,33.48709446,33.48709446,32.85746222,32.85746222,32.85746222,34.05734388,34.05734388,34.05734388,27.45536626,27.45536626,17.48499684,17.48499684,34.05734388,32.85746222,32.85746222,44.56434667,44.56434667
2,18,40,70,68.7064753,63.30037658,46.8254902,33.5616227,33.5616227,35.54253035,35.54253035,37.58211295,16.83918668,16.83918668,16.83918668,16.83918668,17.13395026,17.13395026,17.13395026,17.13395026,17.78213074,21.31089572,23.8645069,23.20526556,21.60973386,22.53434038,25.05038232,25.50712009,27.14323762,31.87115469,31.87115469,34.62475661,34.62475661,34.62475661,37.1464258,37.1464258,37.1464258,26.28463586,26.28463586,18.92798033,18.92798033,37.1464258,34.62475661,34.62475661,46.8254902,46.8254902
2,18,50,70,69.19684275,63.9465944,49.28200098,39.38490988,39.38490988,35.53639865,35.53639865,37.95088987,17.92000741,17.92000741,17.92000741,17.92000741,17.79025266,17.79025266,17.79025266,17.79025266,18.37017749,22.17196613,23.60713288,23.20964543,22.26580859,22.708126,24.79284165,25.52510524,28.20710295,33.02877856,33.02877856,36.09918429,36.09918429,36.09918429,37.48404365,37.48404365,37.48404365,28.9923376,28.9923376,20.24621515,20.24621515,37.48404365,36.09918429,36.09918429,49.28200098,49.28200098
2,19,0,70,68.97112705,64.05998842,60.29048494,49.79184174,49.79184174,43.54341737,43.54341737,40.87035335,20.9736527,20.9736527,20.9736527,20.9736527,18.49428766,18.49428766,18.49428766,18.49428766,19.33092904,22.80594946,24.38582704,23.77174877,22.96467289,23.76641632,25.096201,25.95813634,28.20853113,33.96718037,33.96718037,37.15710644,37.15710644,37.15710644,42.38762349,42.38762349,42.38762349,33.14604342,33.14604342,22.9637599,22.9637599,42.38762349,37.15710644,37.15710644,60.29048494,60.29048494
2,19,10,70,69.1771325,64.24414457,59.85023307,50.26525027,50.26525027,47.34432773,47.34432773,41.72751298,22.86404223,22.86404223,22.86404223,22.86404223,19.69557574,19.69557574,19.69557574,19.69557574,18.71346023,22.79663795,25.46714767,24.73525155,24.33955162,24.84841615,26.4780321,27.08399983,30.08362816,34.38806798,34.38806798,38.85411495,38.85411495,38.85411495,44.93952281,44.93952281,44.93952281,36.11394867,36.11394867,25.20991543,25.20991543,44.93952281,38.85411495,38.85411495,59.85023307,59.85023307
2,19,20,70,68.93895746,64.18597222,64.06603193,50.36696187,50.36696187,45.89188175,45.89188175,43.50423815,25.99831486,25.99831486,25.99831486,25.99831486,21.0745954,21.0745954,21.0745954,21.0745954,19.76020972,23.46011344,26.28631518,25.83216612,25.9191299,25.48774761,26.99436754,28.61057259,32.37080087,37.33476387,37.33476387,40.71870821,40.71870821,40.71870821,46.71811525,46.71811525,46.71811525,39.01941147,39.01941147,24.9656281,24.9656281,46.71811525,40.71870821,40.71870821,64.06603193,64.06603193
2,19,30,70,69.01061138,63.7490659,63.37840184,51.7012809,51.7012809,48.77810458,48.77810458,45.45560151,30.4889069,30.4889069,30.4889069,30.4889069,22.31511099,22.31511099,22.31511099,22.31511099,24.81231595,27.23483482,27.17908975,27.0533317,27.16339109,25.53505279,26.58765059,28.69742148,32.70825492,37.18482534,37.18482534,42.18483863,42.18483863,42.18483863,48.60676287,48.60676287,48.60676287,39.06614544,39.06614544,25.28246665,25.28246665,48.60676287,42.18483863,42.18483863,63.37840184,63.37840184
2,19,40,70,69.13388278,64.42516328,63.61764118,55.43505175,55.43505175,47.62775735,47.62775735,46.58055045,35.44601164,35.44601164,35.44601164,35.44601164,25.88063634,25.88063634,25.88063634,25.88063634,26.19208594,29.99126603,28.98694184,28.35886714,28.24047094,27.06161569,26.67751722,28.49363697,33.4149542,36.62981624,36.62981624,43.90178108,43.90178108,43.90178108,48.62146562,48.62146562,48.62146562,38.45680606,38.45680606,24.75883791,24.75883791,48.62146562,43.90178108,43.90178108,63.61764118,63.61764118
2,19,50,70,68.98182741,63.93020901,64.04251908,59.66671018,59.66671018,49.04977241,49.04977241,47.44629289,40.85913413,40.85913413,40.85913413,40.85913413,29.46683238,29.46683238,29.46683238,29.46683238,27.86675615,31.36586426,29.53044488,29.2524062,29.47372395,29.04485522,28.44444974,29.39659198,35.02806746,40.62194914,40.62194914,45.3234834,45.3234834,45.3234834,49.27472807,49.27472807,49.27472807,40.19638895,40.19638895,26.72894941,26.72894941,49.27472807,45.3234834,45.3234834,64.04251908,64.04251908
2,20,0,70,69.09103794,63.39061657,63.4766476,61.79378745,61.79378745,49.44243114,49.44243114,50.84979065,46.29823835,46.29823835,46.29823835,46.29823835,33.50393161,33.50393161,33.50393161,33.50393161,30.70908136,31.15026367,32.64476266,33.51334468,34.38892107,31.96585121,29.81402574,30.30051809,35.77635943,43.11423039,43.11423039,47.82049593,47.82049593,47.82049593,51.73326577,51.73326577,51.73326577,42.48791937,42.48791937,27.58402343,27.58402343,51.73326577,47.82049593,47.82049593,63.4766476,63.4766476
2,20,10,70,68.85332202,63.38034179,63.10468354,61.33249332,61.33249332,48.47388539,48.47388539,51.67289624,51.61455394,51.61455394,51.61455394,51.61455394,37.51749658,37.51749658,37.51749658,37.51749658,31.37577899,31.73326129,35.93642079,37.19087408,38.1079687,36.52766207,33.58896118,32.19726969,38.2619375,47.7763443,47.7763443,48.77364224,48.77364224,48.77364224,51.77359446,51.77359446,51.77359446,42.75201732,42.75201732,27.91426354,27.91426354,51.77359446,48.77364224,48.77364224,63.10468354,63.10468354
2,20,20,70,68.52494842,62.75548986,62.37778167,60.61904843,60.61904843,47.70871265,47.70871265,52.90134804,50.91170831,50.91170831,50.91170831,50.91170831,39.71318845,39.71318845,39.71318845,39.71318845,38.99184757,36.72472767,39.1237839,41.22656103,42.1877553,38.66391195,35.64523906,32.93370218,39.32408382,48.11094025,48.11094025,49.63484455,49.63484455,49.63484455,52.38975016,52.38975016,52.38975016,43.40110302,43.40110302,29.38303667,29.38303667,52.38975016,49.63484455,49.63484455,62.37778167,62.37778167
2,20,30,70,68.89311586,63.32738154,63.01072207,61.3890069,61.3890069,53.18907563,53.18907563,55.25165441,52.42244085,52.42244085,52.42244085,52.42244085,45.00915427,45.00915427,45.00915427,45.00915427,45.81687092,46.04014842,44.00763769,46.55156704,46.44169554,45.9899626,40.88483453,35.47661703,41.10572522,51.15449428,51.15449428,51.64754865,51.64754865,51.64754865,55.7342889,55.7342889,55.7342889,46.04738385,46.04738385,33.32206849,33.32206849,55.7342889,51.64754865,51.64754865,63.01072207,63.01072207
2,20,40,70,68.98086751,63.39937589,63.29538399,62.25179625,62.25179625,58.09824346,58.09824346,55.28438521,54.5670511,54.5670511,54.5670511,54.5670511,49.39442279,49.39442279,49.39442279,49.39442279,53.1692182,50.52416101,48.97466145,51.74517887,51.41665563,49.68534518,46.83037449,38.63683857,44.56863506,55.68035089,55.68035089,55.71366139,55.71366139,55.71366139,58.76998788,58.76998788,58.76998788,48.97804047,48.97804047,36.93455032,36.93455032,58.76998788,55.71366139,55.71366139,63.29538399,63.29538399
2,20,50,70,69.09251976,63.68096294,63.76249027,63.24749569,63.24749569,61.61486928,61.61486928,58.51651348,56.47764644,56.47764644,56.47764644,56.47764644,52.15130192,52.15130192,52.15130192,52.15130192,57.56522526,55.65607493,54.22856371,57.69626387,58.12904963,54.13371019,51.79316845,42.20561285,46.67971829,57.79221053,57.79221053,57.71818042,57.71818042,57.71818042,59.82460006,59.82460006,59.82460006,54.00085567,54.00085567,40.60099506,40.60099506,59.82460006,57.71818042,57.71818042,63.76249027,63.76249027
2,21,0,70,69.08377235,63.57188181,63.56548786,63.33991694,63.33991694,64.98838702,64.98838702,60.52353962,58.31679904,58.31679904,58.31679904,58.31679904,54.33242794,54.33242794,54.33242794,54.33242794,59.81839986,58.81230645,58.41614898,62.1303211,62.84258271,61.58187812,54.87792278,44.55203359,49.43163592,61.11175603,61.11175603,60.91013987,60.91013987,60.91013987,62.05521906,62.05521906,62.05521906,56.16923323,56.16923323,44.38331933,44.38331933,62.05521906,60.91013987,60.91013987,63.56548786,63.56548786
2,21,10,70,69.04898305,63.62109205,63.624574,62.54861695,62.54861695,65.34138655,65.34138655,60.85110294,58.29480936,58.29480936,58.29480936,58.29480936,54.87037985,54.87037985,54.87037985,54.87037985,60.92062714,60.19567674,59.72988599,63.16865588,63.75330358,63.14750803,56.55963787,46.10106336,51.05652526,63.17956353,63.17956353,62.61037566,62.61037566,62.61037566,63.13607794,63.13607794,63.13607794,57.24323678,57.24323678,46.35124084,46.35124084,63.13607794,62.61037566,62.61037566,63.624574,63.624574
2,21,20,70,68.91088834,63.19280323,63.25521514,61.8994213,61.8994213,64.31503852,64.31503852,59.94832516,58.33547689,58.33547689,58.33547689,58.33547689,54.3802937,54.3802937,54.3802937,54.3802937,58.26558729,57.19894105,59.37392285,62.60241582,64.41841259,62.69395435,56.07688029,45.21209545,50.38742956,64.16047897,64.16047897,62.03448231,62.03448231,62.03448231,63.96967596,63.96967596,63.96967596,57.3898494,57.3898494,48.1496767,48.1496767,63.96967596,62.03448231,62.03448231,63.25521514,63.25521514
2,21,30,70,68.72045884,63.77593416,62.46922658,61.00374569,61.00374569,64.29265873,64.29265873,60.72868887,59.16640952,59.16640952,59.16640952,59.16640952,54.45828879,54.45828879,54.45828879,54.45828879,55.75462477,56.50390698,60.81091583,64.35193602,65.92951463,63.48316365,57.76639945,46.52478805,51.47466346,64.43924362,64.43924362,63.73453395,63.73453395,63.73453395,65.77538907,65.77538907,65.77538907,61.57096486,61.57096486,49.97167867,49.97167867,65.77538907,63.73453395,63.73453395,62.46922658,62.46922658
2,21,40,70,68.89460935,63.62471942,63.74968876,62.66082516,62.66082516,66.67148109,66.67148109,60.5766442,59.36272212,59.36272212,59.36272212,59.36272212,54.565077,54.565077,54.565077,54.565077,55.94382003,55.79690904,61.01448492,64.71578276,66.15254084,64.17403208,59.34322809,48.02847109,52.76332714,64.83851308,64.83851308,64.246759,64.246759,64.246759,66.61257841,66.61257841,66.61257841,62.08793549,62.08793549,53.2575862,53.2575862,66.61257841,64.246759,64.246759,63.74968876,63.74968876
2,21,50,70,69.03512636,63.5962948,63.77539099,63.70961556,63.70961556,66.92930089,66.92930089,62.41656454,60.56710931,60.56710931,60.56710931,60.56710931,55.33122709,55.33122709,55.33122709,55.33122709,59.37258964,59.61360563,61.78534425,65.92422705,67.44422921,65.33281703,59.96826391,49.13724274,54.50013863,66.08960703,66.08960703,65.8464926,65.8464926,65.8464926,67.75218651,67.75218651,67.75218651,64.70089079,64.70089079,54.34621755,54.34621755,67.75218651,65.8464926,65.8464926,63.77539099,63.77539099
2,22,0,70,69.10614918,64.06469032,63.87212107,63.93797091,63.93797091,66.81556373,66.81556373,62.15721507,61.18696682,61.18696682,61.18696682,61.18696682,55.59306754,55.59306754,55.59306754,55.59306754,61.19061737,62.04415378,62.83551048,66.90776212,68.18508906,66.33218341,60.98178135,49.59145158,55.01726989,66.98507716,66.98507716,66.80427325,66.80427325,66.80427325,68.72887147,68.72887147,68.72887147,65.55791428,65.55791428,57.1589229,57.1589229,68.72887147,66.80427325,66.80427325,63.87212107,63.87212107
2,22,10,70,69.3404274,63.92931083,63.82696677,63.6801859,63.6801859,66.57141959,66.57141959,62.75856665,61.36610848,61.36610848,61.36610848,61.36610848,55.58625583,55.58625583,55.58625583,55.58625583,60.87854645,61.7673505,62.51760294,66.79695352,67.86718298,65.53955993,60.41894029,48.84805185,53.69625044,66.76845411,66.76845411,66.48012897,66.48012897,66.48012897,68.83087124,68.83087124,68.83087124,66.7685555,66.7685555,58.53368391,58.53368391,68.83087124,66.48012897,66.48012897,63.82696677,63.82696677
2,22,20,70,69.15880317,64.3305122,64.35380875,63.83926448,63.83926448,66.27875817,66.27875817,62.38040237,61.13511351,61.13511351,61.13511351,61.13511351,55.73044546,55.73044546,55.73044546,55.73044546,61.28398966,61.78277001,62.8513998,66.53678603,67.45522517,65.56363228,60.11726284,48.00812969,53.2197059,66.42182539,66.42182539,65.45066036,65.45066036,65.45066036,68.31672923,68.31672923,68.31672923,65.1497839,65.1497839,58.40805281,58.40805281,68.31672923,65.45066036,65.45066036,64.35380875,64.35380875
2,22,30,70,69.28151877,64.48243689,64.37993308,64.20207199,64.20207199,67.01039916,67.01039916,63.07817096,61.35187699,61.35187699,61.35187699,61.35187699,55.90209168,55.90209168,55.90209168,55.90209168,61.78491861,62.67292924,63.93783883,68.25189152,68.55860571,66.99857421,61.47713298,50.17829613,55.29307924,67.22631195,67.22631195,65.91390324,65.91390324,65.91390324,67.99288405,67.99288405,67.99288405,67.38993743,67.38993743,59.98922945,59.98922945,67.99288405,65.91390324,65.91390324,64.37993308,64.37993308
2,22,40,70,69.20953198,64.33113273,64.32109788,64.3155138,64.3155138,67.39376167,67.39376167,63.44143178,61.26091606,61.26091606,61.26091606,61.26091606,55.25837564,55.25837564,55.25837564,55.25837564,61.37872024,62.46266632,64.03689227,68.04970791,68.17068613,67.58923841,63.23147013,51.33297879,55.55373204,67.50869801,67.50869801,66.85724709,66.85724709,66.85724709,68.68843932,68.68843932,68.68843932,66.18471158,66.18471158,61.13368314,61.13368314,68.68843932,66.85724709,66.85724709,64.32109788,64.32109788
2,22,50,70,69.40996559,64.7913429,64.59873755,64.67704362,64.67704362,67.24194678,67.24194678,63.69163603,61.93510672,61.93510672,61.93510672,61.93510672,56.58864345,56.58864345,56.58864345,56.58864345,62.46920675,63.02408298,64.78384215,68.57155277,68.86791612,68.32338825,63.5492453,52.45354796,56.74707206,68.16369563,68.16369563,68.06042508,68.06042508,68.06042508,69.18334651,69.18334651,69.18334651,67.94188167,67.94188167,62.23666345,62.23666345,69.18334651,68.06042508,68.06042508,64.59873755,64.59873755
2,23,0,70,69.31990148,64.62463235,64.71866246,65.02668391,65.02668391,66.5544176,66.5544176,63.44336193,63.04530158,63.04530158,63.04530158,63.04530158,56.63714297,56.63714297,56.63714297,56.63714297,61.06094188,62.74885037,65.06801375,68.93801514,69.17946642,68.64230615,64.16387753,53.05083623,57.27084491,68.53121361,68.53121361,68.54623706,68.54623706,68.54623706,69.24415671,69.24415671,69.24415671,67.5318451,67.5318451,62.3338934,62.3338934,69.24415671,68.54623706,68.54623706,64.71866246,64.71866246
2,23,10,70,69.29081584,64.72399627,64.6404937,64.91027483,64.91027483,67.45332633,67.45332633,63.79525123,63.36666517,63.36666517,63.36666517,63.36666517,55.91814296,55.91814296,55.91814296,55.91814296,61.33119254,62.67327189,64.8320288,68.77999378,69.03368696,68.51279735,62.93176305,52.03748688,57.23288441,68.54470633,68.54470633,68.30165121,68.30165121,68.30165121,69.03244855,69.03244855,69.03244855,67.98233472,67.98233472,62.31852191,62.31852191,69.03244855,68.30165121,68.30165121,64.6404937,64.6404937
2,23,20,70,69.20727734,64.87179455,65.11503268,65.23527369,65.23527369,67.16465336,67.16465336,64.0896395,63.39167608,63.39167608,63.39167608,63.39167608,55.99822177,55.99822177,55.99822177,55.99822177,60.71253838,62.37457557,64.85910007,68.78867248,69.02551437,68.34446854,63.61117644,52.57221494,56.99069561,68.24373851,68.24373851,67.75873378,67.75873378,67.75873378,68.51830502,68.51830502,68.51830502,66.49962865,66.49962865,62.13919619,62.13919619,68.51830502,67.75873378,67.75873378,65.11503268,65.11503268
2,23,30,70,69.3873774,64.99260204,64.96032719,65.34153886,65.34153886,66.59636438,66.59636438,62.9370915,63.92121968,63.92121968,63.92121968,63.92121968,56.72832177,56.72832177,56.72832177,56.72832177,62.02157334,63.34697712,65.1430748,68.83019141,68.98520778,67.65406347,64.6252344,53.80411467,57.33642075,68.33956956,68.33956956,68.38342619,68.38342619,68.38342619,69.05253922,69.05253922,69.05253922,67.27046278,67.27046278,62.19981312,62.19981312,69.05253922,68.38342619,68.38342619,64.96032719,64.96032719
2,23,40,70,69.33140404,65.21694289,64.92025366,65.07083333,65.07083333,67.57037815,67.57037815,64.19293811,63.99998796,63.99998796,63.99998796,63.99998796,56.57528133,56.57528133,56.57528133,56.57528133,61.8789705,63.42478423,65.47196357,68.91406912,68.7928823,68.49160982,65.07667951,54.27002373,57.86374166,68.51883455,68.51883455,68.60980964,68.60980964,68.60980964,68.77620272,68.77620272,68.77620272,65.81680502,65.81680502,62.57914159,62.57914159,68.77620272,68.60980964,68.60980964,64.92025366,64.92025366
2,23,50,70,69.18838684,65.17840895,65.27527233,65.48423543,65.48423543,66.70614496,66.70614496,62.89108456,63.87373437,63.87373437,63.87373437,63.87373437,56.96898204,56.96898204,56.96898204,56.96898204,62.28180192,63.5879498,65.66401142,69.01718015,69.02202688,68.46099033,65.05968291,54.46235844,57.79226393,68.76577638,68.76577638,68.8048695,68.8048695,68.8048695,68.99528514,68.99528514,68.99528514,66.72634621,66.72634621,62.72113079,62.72113079,68.99528514,68.8048695,68.8048695,65.27527233,65.27527233
3,0,0,70,69.32019278,64.99235603,65.19640912,65.51193267,65.51193267,67.277799,67.277799,63.67969911,64.1965559,64.1965559,64.1965559,64.1965559,56.95774601,56.95774601,56.95774601,56.95774601,62.81928284,64.2864617,65.64611645,69.03891999,69.24679961,68.8048631,65.31756926,54.82127778,57.71996387,68.57384408,68.57384408,68.91994548,68.91994548,68.91994548,69.48797469,69.48797469,69.48797469,65.10307503,65.10307503,62.82340711,62.82340711,69.48797469,68.91994548,68.91994548,65.19640912,65.19640912
3,0,10,70,69.39612765,65.58626865,65.33093546,65.53700747,65.53700747,66.74938725,66.74938725,63.97021309,64.00320154,64.00320154,64.00320154,64.00320154,56.88726448,56.88726448,56.88726448,56.88726448,62.84922431,64.17617731,65.4079231,69.09434354,69.13296328,68.43579261,65.13239239,54.74088062,58.08620139,68.80544705,68.80544705,69.11762584,69.11762584,69.11762584,69.4728784,69.4728784,69.4728784,65.95696692,65.95696692,62.70723239,62.70723239,69.4728784,69.11762584,69.11762584,65.33093546,65.33093546
3,0,20,70,69.35810749,65.74114321,65.73823529,65.899595,65.899595,66.78400735,66.78400735,62.71876,63.86550569,63.86550569,63.86550569,63.86550569,56.69424579,56.69424579,56.69424579,56.69424579,61.68480459,63.84572926,65.37926633,68.73714212,69.00775783,68.48749065,65.45635293,54.87354196,57.80167318,68.83886866,68.83886866,68.80809295,68.80809295,68.80809295,69.4286554,69.4286554,69.4286554,66.30164314,66.30164314,62.52489996,62.52489996,69.4286554,68.80809295,68.80809295,65.73823529,65.73823529
3,0,30,70,69.42018462,65.49256332,65.65363766,65.83938375,65.83938375,66.64940768,66.64940768,62.53250467,64.08818519,64.08818519,64.08818519,64.08818519,56.66402512,56.66402512,56.66402512,56.66402512,61.95481241,63.74103245,65.58632123,68.98590387,69.15710353,68.57655179,65.15512779,54.95386694,57.98488088,68.20482378,68.20482378,69.04843285,69.04843285,69.04843285,69.46427605,69.46427605,69.46427605,64.85610727,64.85610727,62.60674703,62.60674703,69.46427605,69.04843285,69.04843285,65.65363766,65.65363766
3,0,40,70,69.33686576,65.43436304,65.47248775,65.88796218,65.88796218,66.68106618,66.68106618,62.87841387,63.88536258,63.88536258,63.88536258,63.88536258,56.44894978,56.44894978,56.44894978,56.44894978,62.21944467,63.7140992,65.35866434,68.66488547,69.14227378,68.78761423,65.35418717,54.957661,57.96144123,68.75043963,68.75043963,68.83196783,68.83196783,68.83196783,69.48954251,69.48954251,69.48954251,64.64119102,64.64119102,61.98206919,61.98206919,69.48954251,68.83196783,68.83196783,65.47248775,65.47248775
3,0,50,70,69.27240882,65.52809436,65.63529412,65.74216853,65.74216853,67.84963235,67.84963235,63.49264706,64.21202042,64.21202042,64.21202042,64.21202042,56.47688762,56.47688762,56.47688762,56.47688762,61.84723906,63.73303018,65.31106085,68.7981991,68.91892851,68.70781642,65.73549523,55.23939051,57.64073702,68.23650775,68.23650775,68.66680247,68.66680247,68.66680247,69.30531613,69.30531613,69.30531613,64.61201011,64.61201011,62.1478215,62.1478215,69.30531613,68.66680247,68.66680247,65.63529412,65.63529412
3,1,0,70,69.18576975,65.49621999,65.38143587,65.65111811,65.65111811,66.81168301,66.81168301,62.81371965,63.56999305,63.56999305,63.56999305,63.56999305,56.44237434,56.44237434,56.44237434,56.44237434,62.20370408,63.97563646,65.18181531,68.53584676,68.71963664,68.25728173,65.42284838,55.17341461,57.65831128,68.35797871,68.35797871,67.81513574,67.81513574,67.81513574,68.60252587,68.60252587,68.60252587,63.66115137,63.66115137,62.04919952,62.04919952,68.60252587,67.81513574,67.81513574,65.38143587,65.38143587
3,1,10,70,69.21352223,65.67251021,65.80176266,65.80704678,65.80704678,66.40359477,66.40359477,62.73050303,64.17289655,64.17289655,64.17289655,64.17289655,56.15523728,56.15523728,56.15523728,56.15523728,62.50855801,64.2730859,65.28974012,68.75417184,69.05153584,68.15145492,65.13504644,54.83119613,57.35073445,68.1801044,68.1801044,68.50022375,68.50022375,68.50022375,69.28307496,69.28307496,69.28307496,64.28615974,64.28615974,62.00826997,62.00826997,69.28307496,68.50022375,68.50022375,65.80176266,65.80176266
3,1,20,70,69.17917024,65.27435033,65.20470997,65.53116363,65.53116363,66.23499455,66.23499455,62.75985061,63.70946771,63.70946771,63.70946771,63.70946771,55.96205753,55.96205753,55.96205753,55.96205753,61.46640406,63.43844246,65.01258259,68.569263,68.73644104,67.92764615,65.49580135,55.13273522,57.70423756,67.99957317,67.99957317,68.57803154,68.57803154,68.57803154,69.25093889,69.25093889,69.25093889,63.14021845,63.14021845,61.57276199,61.57276199,69.25093889,68.57803154,68.57803154,65.20470997,65.20470997
3,1,30,70,68.95746621,65.84425687,65.66325391,65.48494122,65.48494122,65.29575163,65.29575163,61.98657796,63.55320633,63.55320633,63.55320633,63.55320633,56.13351449,56.13351449,56.13351449,56.13351449,63.04456116,64.80266301,64.88090062,68.31872266,68.50225085,68.51156724,65.2919704,54.89599476,57.50797893,67.87742554,67.87742554,68.31128521,68.31128521,68.31128521,69.28002321,69.28002321,69.28002321,64.51200195,64.51200195,61.53451694,61.53451694,69.28002321,68.31128521,68.31128521,65.66325391,65.66325391
3,1,40,70,69.16000835,65.6155662,65.30314348,65.01322783,65.01322783,65.39779412,65.39779412,61.1415733,63.34941443,63.34941443,63.34941443,63.34941443,55.57071746,55.57071746,55.57071746,55.57071746,61.09510285,62.7941455,64.47857027,67.9621487,68.38257792,67.65515641,64.48601395,54.81911929,57.31920005,67.85885327,67.85885327,68.11028429,68.11028429,68.11028429,68.88847661,68.88847661,68.88847661,64.99358691,64.99358691,61.73950347,61.73950347,68.88847661,68.11028429,68.11028429,65.30314348,65.30314348
3,1,50,70,69.02770462,65.84240391,65.20378929,64.77178422,64.77178422,66.93613834,66.93613834,61.86297852,62.66418177,62.66418177,62.66418177,62.66418177,55.24194452,55.24194452,55.24194452,55.24194452,61.21716607,63.08285623,64.35042838,67.71286184,67.84065364,66.73643178,64.10297103,54.46393194,56.74329746,67.17110425,67.17110425,67.74919763,67.74919763,67.74919763,68.8315897,68.8315897,68.8315897,65.18472656,65.18472656,61.3017305,61.3017305,68.8315897,67.74919763,67.74919763,65.20378929,65.20378929
3,2,0,70,68.88074569,65.59592004,65.23802103,64.76396687,64.76396687,66.7341698,66.7341698,62.27441968,63.37095042,63.37095042,63.37095042,63.37095042,55.16487638,55.16487638,55.16487638,55.16487638,60.87715895,62.43318001,64.41412678,67.85869159,68.26457167,67.47063406,64.28624502,54.38380713,57.12615981,67.37203998,67.37203998,67.71648382,67.71648382,67.71648382,69.06552816,69.06552816,69.06552816,63.55662438,63.55662438,60.85197403,60.85197403,69.06552816,67.71648382,67.71648382,65.23802103,65.23802103
3,2,10,70,69.08421695,65.81803127,65.53635064,65.49565337,65.49565337,66.0755719,66.0755719,61.78089257,63.23382041,63.23382041,63.23382041,63.23382041,55.23659742,55.23659742,55.23659742,55.23659742,60.82985258,62.55237242,64.58382674,68.29450935,68.69045328,67.94402345,64.45543746,54.67487509,57.52089087,67.29765566,67.29765566,68.30360897,68.30360897,68.30360897,69.26978316,69.26978316,69.26978316,63.39175342,63.39175342,61.31495796,61.31495796,69.26978316,68.30360897,68.30360897,65.53635064,65.53635064
3,2,20,70,68.6477118,65.83230667,65.95330963,65.79380143,65.79380143,66.60820495,66.60820495,62.36103452,63.1155939,63.1155939,63.1155939,63.1155939,54.72402967,54.72402967,54.72402967,54.72402967,60.99180051,62.79176228,64.00620998,67.65146221,67.99461351,67.32046295,64.31145314,54.66102398,56.92300489,67.48902634,67.48902634,67.98263133,67.98263133,67.98263133,68.94625253,68.94625253,68.94625253,63.25829401,63.25829401,60.97454272,60.97454272,68.94625253,67.98263133,67.98263133,65.95330963,65.95330963
3,2,30,70,68.77935384,65.6618137,65.55280934,65.31348947,65.31348947,66.76568627,66.76568627,61.52550551,63.11921794,63.11921794,63.11921794,63.11921794,54.86050031,54.86050031,54.86050031,54.86050031,60.70868347,62.7950747,63.65222878,67.79119694,68.50278575,67.89776741,64.57825213,54.71827694,57.41839311,67.36064018,67.36064018,68.06332045,68.06332045,68.06332045,69.08137416,69.08137416,69.08137416,62.50522783,62.50522783,60.94720961,60.94720961,69.08137416,68.06332045,68.06332045,65.55280934,65.55280934
3,2,40,70,68.78835132,66.09726236,66.1383337,65.30694886,65.30694886,65.72572362,65.72572362,61.90614788,63.0524276,63.0524276,63.0524276,63.0524276,54.44493191,54.44493191,54.44493191,54.44493191,59.75168067,61.9892507,63.70354265,67.71606628,67.96751844,67.50363915,64.30763734,54.2187721,57.03030405,67.32358541,67.32358541,67.84196033,67.84196033,67.84196033,69.05998884,69.05998884,69.05998884,63.32219738,63.32219738,60.73977658,60.73977658,69.05998884,67.84196033,67.84196033,66.1383337,66.1383337
3,2,50,70,68.99232463,65.70686484,65.42766823,65.1253809,65.1253809,64.09879869,64.09879869,61.42052185,63.2772469,63.2772469,63.2772469,63.2772469,54.03466334,54.03466334,54.03466334,54.03466334,59.88056024,61.31122004,63.37835754,67.39503168,67.9071364,67.16260552,63.79097214,54.46665108,56.73725984,66.69020937,66.69020937,67.78123363,67.78123363,67.78123363,69.0218502,69.0218502,69.0218502,62.84305123,62.84305123,60.5463995,60.5463995,69.0218502,67.78123363,67.78123363,65.42766823,65.42766823
3,3,0,70,69.11671026,66.2453129,65.94309826,65.51957362,65.51957362,66.23377684,66.23377684,61.95247141,62.76496136,62.76496136,62.76496136,62.76496136,54.59709132,54.59709132,54.59709132,54.59709132,61.73866422,63.10199288,63.14829136,66.79675571,67.14425484,66.60797852,63.399622,53.76450307,56.38925714,66.62559457,66.62559457,67.68966009,67.68966009,67.68966009,68.9439994,68.9439994,68.9439994,62.96271866,62.96271866,60.36543334,60.36543334,68.9439994,67.68966009,67.68966009,65.94309826,65.94309826
3,3,10,70,69.23080785,66.62805258,66.3720514,65.7184773,65.7184773,65.44143908,65.44143908,60.37365415,62.67104414,62.67104414,62.67104414,62.67104414,53.96018798,53.96018798,53.96018798,53.96018798,59.49846619,60.77932131,62.8916993,66.5614314,67.32496743,65.89803475,63.50406958,53.64452267,56.03060193,66.23682412,66.23682412,67.22475284,67.22475284,67.22475284,68.85847088,68.85847088,68.85847088,62.96973581,62.96973581,60.6236658,60.6236658,68.85847088,67.22475284,67.22475284,66.3720514,66.3720514
3,3,20,70,69.21515923,66.47700971,66.32674725,65.90924638,65.90924638,65.95588235,65.95588235,62.66383272,63.61974887,63.61974887,63.61974887,63.61974887,54.16652005,54.16652005,54.16652005,54.16652005,58.83525159,60.35105917,62.70957864,66.38321092,67.12139025,65.31356109,62.5237729,53.96515519,56.12830942,65.42236455,65.42236455,66.8656401,66.8656401,66.8656401,68.26527868,68.26527868,68.26527868,62.88451278,62.88451278,60.10953148,60.10953148,68.26527868,66.8656401,66.8656401,66.32674725,66.32674725
3,3,30,70,69.06371064,66.33338373,65.89865567,65.60819091,65.60819091,65.54054622,65.54054622,62.11164726,63.34730844,63.34730844,63.34730844,63.34730844,54.6970035,54.6970035,54.6970035,54.6970035,60.66552871,62.00520833,62.96500522,66.49741293,66.99206997,65.92203694,63.31890662,53.67453555,56.20469454,66.12442478,66.12442478,67.20113844,67.20113844,67.20113844,68.62165025,68.62165025,68.62165025,62.36186338,62.36186338,60.15743635,60.15743635,68.62165025,67.20113844,67.20113844,65.89865567,65.89865567
3,3,40,70,69.28297626,66.69367187,66.21975267,65.92674329,65.92674329,64.38727241,64.38727241,61.46374081,63.15445791,63.15445791,63.15445791,63.15445791,54.3407139,54.3407139,54.3407139,54.3407139,61.1034806,62.27969637,63.00560094,66.81046686,67.46816442,66.16950619,63.10184376,53.24875028,55.51529456,66.09145798,66.09145798,66.89022023,66.89022023,66.89022023,68.24140658,68.24140658,68.24140658,62.69964456,62.69964456,60.75788642,60.75788642,68.24140658,66.89022023,66.89022023,66.21975267,66.21975267
3,3,50,70,68.2591225,66.08688117,65.78423388,65.35451002,65.35451002,65.84841764,65.84841764,61.65405433,61.98517068,61.98517068,61.98517068,61.98517068,54.20232283,54.20232283,54.20232283,54.20232283,59.95040468,61.76245915,62.78965116,66.12744399,66.51351078,65.32634829,62.52414886,52.43698056,54.91553763,65.06792548,65.06792548,66.58522773,66.58522773,66.58522773,68.59075711,68.59075711,68.59075711,63.01520191,63.01520191,60.45105559,60.45105559,68.59075711,66.58522773,66.58522773,65.78423388,65.78423388
3,4,0,70,69.18845729,66.44159253,65.96484765,65.45596971,65.45596971,65.70612245,65.70612245,62.25595238,62.59253973,62.59253973,62.59253973,62.59253973,53.71110088,53.71110088,53.71110088,53.71110088,58.45877595,60.47826999,62.42609028,65.75086778,66.52522831,65.51519888,61.5972,52.14556786,54.80708928,64.98826034,64.98826034,65.8031408,65.8031408,65.8031408,68.37527451,68.37527451,68.37527451,63.01500053,63.01500053,59.54827892,59.54827892,68.37527451,65.8031408,65.8031408,65.96484765,65.96484765
3,4,10,70,69.22329827,66.21105303,65.47528206,65.44553284,65.44553284,66.15900735,66.15900735,61.05061275,62.63466005,62.63466005,62.63466005,62.63466005,53.00750007,53.00750007,53.00750007,53.00750007,58.64448238,60.74240914,61.92542078,65.78797628,66.44332695,65.55479257,61.04172228,51.63202882,54.34321842,63.83663779,63.83663779,65.99081407,65.99081407,65.99081407,68.20288866,68.20288866,68.20288866,64.78879272,64.78879272,59.23399968,59.23399968,68.20288866,65.99081407,65.99081407,65.47528206,65.47528206
3,4,20,70,68.55504607,65.06750506,64.73416978,65.23005952,65.23005952,65.00210084,65.00210084,61.13340336,62.4590318,62.4590318,62.4590318,62.4590318,52.72423349,52.72423349,52.72423349,52.72423349,56.85424679,58.94029663,61.41520799,65.00976136,65.57618862,63.4361318,60.33883636,51.45532572,54.16140624,63.70345925,63.70345925,66.05493528,66.05493528,66.05493528,68.46435189,68.46435189,68.46435189,62.63556955,62.63556955,59.75985878,59.75985878,68.46435189,66.05493528,66.05493528,64.73416978,64.73416978
3,4,30,70,68.79202588,66.12018141,65.38618114,65.93253501,65.93253501,64.64906727,64.64906727,60.7738212,62.89187988,62.89187988,62.89187988,62.89187988,52.4264855,52.4264855,52.4264855,52.4264855,57.26173476,58.8327972,61.20534992,64.81035138,65.84419687,64.69045709,60.33826642,51.43184138,53.93812947,63.39519233,63.39519233,65.84541572,65.84541572,65.84541572,68.22500069,68.22500069,68.22500069,62.7642287,62.7642287,59.94084651,59.94084651,68.22500069,65.84541572,65.84541572,65.38618114,65.38618114
3,4,40,70,68.92687065,65.50781007,64.8005894,65.55838119,65.55838119,64.85110294,64.85110294,61.46980042,62.8180195,62.8180195,62.8180195,62.8180195,53.99295486,53.99295486,53.99295486,53.99295486,57.63553365,59.67119541,62.39797598,65.96552448,66.42261413,65.82642519,62.22729393,52.57831498,54.55056777,64.70670414,64.70670414,66.86947331,66.86947331,66.86947331,68.45646405,68.45646405,68.45646405,64.01397253,64.01397253,60.8119639,60.8119639,68.45646405,66.86947331,66.86947331,64.8005894,64.8005894
3,4,50,70,68.80581055,64.78285453,63.67087418,63.66639823,63.66639823,64.64705882,64.64705882,61.75603992,61.44783245,61.44783245,61.44783245,61.44783245,53.86139373,53.86139373,53.86139373,53.86139373,57.23452254,60.44156073,62.46636572,66.01664801,66.48874028,65.87908669,62.00840722,52.31077017,54.58502963,63.79641579,63.79641579,67.34226657,67.34226657,67.34226657,68.78648476,68.78648476,68.78648476,63.46534683,63.46534683,61.12236496,61.12236496,68.78648476,67.34226657,67.34226657,63.67087418,63.67087418
3,5,0,70,68.67404101,64.97047958,64.0586115,64.3860049,64.3860049,65.69852941,65.69852941,62.0192577,61.91334979,61.91334979,61.91334979,61.91334979,53.64833253,53.64833253,53.64833253,53.64833253,57.40449661,59.98418557,62.61133882,66.33338172,66.96665264,66.43980915,62.31174921,52.43006489,54.76106987,64.85046067,64.85046067,66.86476371,66.86476371,66.86476371,68.57206749,68.57206749,68.57206749,64.69125777,64.69125777,61.18083767,61.18083767,68.57206749,66.86476371,66.86476371,64.0586115,64.0586115
3,5,10,70,68.4421297,65.05275283,64.01718021,64.12553922,64.12553922,64.18464733,64.18464733,60.56011321,61.40424953,61.40424953,61.40424953,61.40424953,54.25617989,54.25617989,54.25617989,54.25617989,59.43033088,61.41575436,63.5342053,67.29484593,67.5476248,66.57640666,62.42559054,52.42550076,55.2504018,65.53405249,65.53405249,67.31781223,67.31781223,67.31781223,68.66943477,68.66943477,68.66943477,64.62368694,64.62368694,61.72772644,61.72772644,68.66943477,67.31781223,67.31781223,64.01718021,64.01718021
3,5,20,70,68.76579612,65.08012656,64.09943978,64.04074463,64.04074463,65.20496324,65.20496324,62.35161064,62.22604762,62.22604762,62.22604762,62.22604762,54.80065118,54.80065118,54.80065118,54.80065118,59.34233874,61.68814484,63.20741014,66.89234875,67.37936595,66.78014783,62.54873204,52.41329373,55.1549266,65.60257426,65.60257426,67.18720415,67.18720415,67.18720415,68.58304422,68.58304422,68.58304422,64.49209176,64.49209176,62.06342087,62.06342087,68.58304422,67.18720415,67.18720415,64.09943978,64.09943978
3,5,30,70,68.92110368,65.34110811,64.23086679,64.67843478,64.67843478,64.97493873,64.97493873,61.75656513,61.38012291,61.38012291,61.38012291,61.38012291,55.30086534,55.30086534,55.30086534,55.30086534,59.07001058,60.9812209,64.01243625,67.58871369,67.85291504,67.5142415,63.31096975,52.82314703,55.73721569,66.56800745,66.56800745,68.03474623,68.03474623,68.03474623,69.15495004,69.15495004,69.15495004,65.87354321,65.87354321,62.39593237,62.39593237,69.15495004,68.03474623,68.03474623,64.23086679,64.23086679
3,5,40,70,69.05511877,65.29570995,64.56954754,65.08170615,65.08170615,65.42476852,65.42476852,62.02526261,62.22764595,62.22764595,62.22764595,62.22764595,55.5312388,55.5312388,55.5312388,55.5312388,59.84842729,61.33322246,63.97085921,67.64324153,67.98455864,67.62001634,63.39069699,52.84973763,56.26070802,67.36490279,67.36490279,68.37560218,68.37560218,68.37560218,69.30505305,69.30505305,69.30505305,67.29535239,67.29535239,62.85713655,62.85713655,69.30505305,68.37560218,68.37560218,64.56954754,64.56954754
3,5,50,70,68.98819888,65.41295713,64.68150871,64.98278365,64.98278365,64.85861928,64.85861928,61.61790966,62.80265083,62.80265083,62.80265083,62.80265083,55.47984234,55.47984234,55.47984234,55.47984234,59.7002451,62.03537582,63.99880979,67.63283317,67.80721634,67.68047258,63.17596892,52.6444538,56.02144077,67.140692,67.140692,68.3052706,68.3052706,68.3052706,69.14284098,69.14284098,69.14284098,67.25334424,67.25334424,62.64892607,62.64892607,69.14284098,68.3052706,68.3052706,64.68150871,64.68150871
3,6,0,70,68.74770747,65.14852941,64.54054622,64.55090664,64.55090664,65.12561275,65.12561275,61.71238912,62.58992011,62.58992011,62.58992011,62.58992011,55.82347246,55.82347246,55.82347246,55.82347246,59.15259979,60.84551237,64.26742862,68.10708215,68.45572305,67.87824082,62.92268301,52.62040642,56.3586194,67.139874,67.139874,68.45526767,68.45526767,68.45526767,69.23031035,69.23031035,69.23031035,65.77463177,65.77463177,62.58281146,62.58281146,69.23031035,68.45526767,68.45526767,64.54054622,64.54054622
3,6,10,70,69.04954376,65.12498027,64.49108505,64.13832267,64.13832267,64.8803445,64.8803445,60.99465453,62.3026384,62.3026384,62.3026384,62.3026384,56.1377873,56.1377873,56.1377873,56.1377873,60.44772663,61.61680538,64.37913187,68.32184077,68.56339594,68.01956745,63.23667467,52.31201224,56.44314414,67.78905435,67.78905435,68.62479862,68.62479862,68.62479862,69.35581928,69.35581928,69.35581928,66.70484286,66.70484286,62.36305327,62.36305327,69.35581928,68.62479862,68.62479862,64.49108505,64.49108505
3,6,20,70,69.0501552,65.21802676,64.51928688,64.24514683,64.24514683,65.95102124,65.95102124,61.71919768,61.98045825,61.98045825,61.98045825,61.98045825,56.22027514,56.22027514,56.22027514,56.22027514,60.33530773,61.11100899,64.22584188,68.14727006,68.48806902,67.92183831,62.58166962,51.89994831,56.46691416,67.37772542,67.37772542,68.31830226,68.31830226,68.31830226,68.96196847,68.96196847,68.96196847,66.30735756,66.30735756,61.04301237,61.04301237,68.96196847,68.31830226,68.31830226,64.51928688,64.51928688
3,6,30,70,69.29826384,64.86539883,64.32973467,63.67843137,63.67843137,66.05943627,66.05943627,62.46691176,62.37970196,62.37970196,62.37970196,62.37970196,56.7963944,56.7963944,56.7963944,56.7963944,60.69962652,61.13411823,64.60200181,68.47435763,68.60097122,68.21089139,62.73600698,51.74077235,56.60410118,67.5192451,67.5192451,67.88182575,67.88182575,67.88182575,68.32993181,68.32993181,68.32993181,65.34148441,65.34148441,57.83370331,57.83370331,68.32993181,67.88182575,67.88182575,64.32973467,64.32973467
3,6,40,70,69.59829588,65.09734007,64.58397137,63.63296796,63.63296796,65.16360294,65.16360294,60.74010854,61.87740945,61.87740945,61.87740945,61.87740945,56.78472691,56.78472691,56.78472691,56.78472691,61.20891982,61.34025152,64.13788861,68.11163634,68.89178422,68.29558179,62.22637518,51.33430378,56.6552462,67.69037789,67.69037789,66.31325197,66.31325197,66.31325197,67.02008834,67.02008834,67.02008834,62.46486082,62.46486082,39.55549565,39.55549565,67.02008834,66.31325197,66.31325197,64.58397137,64.58397137
3,6,50,70,69.43019,64.8306053,64.47646281,63.4370181,63.4370181,65.95448179,65.95448179,61.0602416,61.90155282,61.90155282,61.90155282,61.90155282,56.69393182,56.69393182,56.69393182,56.69393182,61.41798553,61.53609458,63.49046609,67.49411091,68.48214341,67.51398095,61.40965034,50.72490492,55.73678629,65.44514406,65.44514406,63.94326961,63.94326961,63.94326961,65.10222447,65.10222447,65.10222447,48.48091783,48.48091783,24.75789352,24.75789352,65.10222447,63.94326961,63.94326961,64.47646281,64.47646281
3,7,0,70,69.64496745,64.76768041,64.43132197,63.32497782,63.32497782,64.81188725,64.81188725,59.49859944,61.29237648,61.29237648,61.29237648,61.29237648,56.70744093,56.70744093,56.70744093,56.70744093,61.11214821,60.25745993,63.26822167,67.59078985,68.47814312,66.99738503,58.71102506,48.71409581,53.5158621,60.21215117,60.21215117,58.14485244,58.14485244,58.14485244,59.46283189,59.46283189,59.46283189,37.96209661,37.96209661,23.37090289,23.37090289,59.46283189,58.14485244,58.14485244,64.43132197,64.43132197
3,7,10,70,69.5374902,64.31075962,64.01678922,62.71750817,62.71750817,64.21507353,64.21507353,56.18303571,57.59754824,57.59754824,57.59754824,57.59754824,55.49478075,55.49478075,55.49478075,55.49478075,58.13986143,55.95479198,57.43089482,59.89678598,63.04214991,60.99574951,49.76725726,42.96698923,47.16184812,49.63777852,49.63777852,49.39536099,49.39536099,49.39536099,52.8396972,52.8396972,52.8396972,32.93118959,32.93118959,22.06518252,22.06518252,52.8396972,49.39536099,49.39536099,64.01678922,64.01678922
3,7,20,70,69.42646212,64.22642215,63.43805355,61.69622766,61.69622766,56.90601852,56.90601852,51.05170318,55.65497548,55.65497548,55.65497548,55.65497548,54.45822181,54.45822181,54.45822181,54.45822181,55.8041229,52.229368,49.07221507,50.5320689,56.63105043,56.74959405,41.61330302,37.21087609,41.84722893,42.78506287,42.78506287,40.92554665,40.92554665,40.92554665,43.3626473,43.3626473,43.3626473,27.19192815,27.19192815,20.619178,20.619178,43.3626473,40.92554665,40.92554665,63.43805355,63.43805355
3,7,30,70,69.22054093,63.66192032,62.70216698,60.93194444,60.93194444,43.27632761,43.27632761,46.08198529,53.72070606,53.72070606,53.72070606,53.72070606,53.11891135,53.11891135,53.11891135,53.11891135,49.85862781,44.67410108,46.50784275,47.87249686,54.31077742,54.99596741,40.81759163,35.08389459,38.24335129,38.24085461,38.24085461,35.25299398,35.25299398,35.25299398,36.59915189,36.59915189,36.59915189,24.14538674,24.14538674,19.32092228,19.32092228,36.59915189,35.25299398,35.25299398,62.70216698,62.70216698
3,7,40,70,69.09987618,63.19537601,62.1654536,57.00383769,57.00383769,35.24454657,35.24454657,43.67752101,52.07716794,52.07716794,52.07716794,52.07716794,53.20850993,53.20850993,53.20850993,53.20850993,47.36988641,42.52495911,49.31170853,51.20450951,54.81923108,54.80303733,42.13016216,35.08066118,35.2607724,33.23374197,33.23374197,31.365843,31.365843,31.365843,31.40582688,31.40582688,31.40582688,22.58926939,22.58926939,18.38770245,18.38770245,31.40582688,31.365843,31.365843,62.1654536,62.1654536
3,7,50,69.79166667,68.72023181,61.37241591,56.06311275,48.7810939,48.7810939,35.48821779,35.48821779,42.47147234,51.83928826,51.83928826,51.83928826,51.83928826,52.80326493,52.80326493,52.80326493,52.80326493,49.0319211,46.11184307,51.7518299,54.65008376,57.60251139,55.82864709,42.76462017,34.4170046,33.72273251,32.2679673,32.2679673,30.01969919,30.01969919,30.01969919,28.88016913,28.88016913,28.88016913,23.11074736,23.11074736,19.13836804,19.13836804,28.88016913,30.01969919,30.01969919,56.06311275,56.06311275
3,8,0,69.65384615,66.93485449,60.69452116,55.21192439,46.40337333,46.40337333,34.87593371,34.87593371,44.0762357,52.15468393,52.15468393,52.15468393,52.15468393,52.75865742,52.75865742,52.75865742,52.75865742,49.48176521,46.67583033,50.04542393,52.35457302,54.25458837,50.95688745,39.30011821,33.00508175,31.72720604,32.33167034,32.33167034,29.5933696,29.5933696,29.5933696,30.12809827,30.12809827,30.12809827,22.90599304,22.90599304,19.42805013,19.42805013,30.12809827,29.5933696,29.5933696,55.21192439,55.21192439
3,8,10,70,62.70184505,57.50658212,52.55805906,43.77777324,43.77777324,28.61090686,28.61090686,40.23660714,51.8568974,51.8568974,51.8568974,51.8568974,50.08844111,50.08844111,50.08844111,50.08844111,43.93554422,37.31258754,46.47392267,48.22583352,50.36902329,48.25733258,35.42623652,30.49320693,30.86731757,30.67618402,30.67618402,28.73974965,28.73974965,28.73974965,28.29929447,28.29929447,28.29929447,21.79576294,21.79576294,19.39396859,19.39396859,28.29929447,28.73974965,28.73974965,52.55805906,52.55805906
3,8,20,70,56.95477593,51.19318409,44.10114046,39.91711374,39.91711374,31.87940496,31.87940496,41.7928338,51.59011684,51.59011684,51.59011684,51.59011684,47.1613543,47.1613543,47.1613543,47.1613543,34.90821662,33.76957283,42.33815663,43.62523837,45.96857874,42.07412465,33.17249174,28.65030435,28.20392357,28.7482432,28.7482432,29.54844692,29.54844692,29.54844692,30.26236126,30.26236126,30.26236126,22.83460233,22.83460233,19.78353691,19.78353691,30.26236126,29.54844692,29.54844692,44.10114046,44.10114046
3,8,30,70,55.99701929,50.56157696,43.17266573,39.26785017,39.26785017,34.61323529,34.61323529,43.56118697,51.06108057,51.06108057,51.06108057,51.06108057,43.52289592,43.52289592,43.52289592,43.52289592,31.75679855,30.66901552,39.17285052,39.87476209,41.75630879,36.68654682,29.87121957,27.41168445,27.86693889,28.50572406,28.50572406,29.83257535,29.83257535,29.83257535,29.67585857,29.67585857,29.67585857,23.86919725,23.86919725,19.78135037,19.78135037,29.67585857,29.83257535,29.83257535,43.17266573,43.17266573
3,8,40,70,60.06462976,51.97156418,43.42969382,39.21652142,39.21652142,33.16970997,33.16970997,41.04266457,50.2617089,50.2617089,50.2617089,50.2617089,44.85111674,44.85111674,44.85111674,44.85111674,37.25706116,34.40574716,40.97351605,42.07016846,44.18238391,37.41048463,31.25627455,28.11079722,28.12234768,28.75846554,28.75846554,30.89676375,30.89676375,30.89676375,31.71513262,31.71513262,31.71513262,22.57783482,22.57783482,19.98079168,19.98079168,31.71513262,30.89676375,30.89676375,43.42969382,43.42969382
3,8,50,70,64.08409507,54.44459352,49.09460201,45.51008533,45.51008533,29.7900531,29.7900531,38.47163866,50.03467833,50.03467833,50.03467833,50.03467833,48.53991837,48.53991837,48.53991837,48.53991837,46.98597667,41.32983754,46.53344999,48.89845396,50.31216216,44.538509,35.35675768,30.49222762,31.16030968,32.13514824,32.13514824,32.19403486,32.19403486,32.19403486,33.21072166,33.21072166,33.21072166,21.76485684,21.76485684,19.37994064,19.37994064,33.21072166,32.19403486,32.19403486,49.09460201,49.09460201
3,9,0,70,67.05202148,58.95771943,53.82144608,51.18110654,51.18110654,32.57645016,32.57645016,39.073757,49.33036727,49.33036727,49.33036727,49.33036727,50.04424599,50.04424599,50.04424599,50.04424599,53.41565642,49.85465058,51.77194806,54.43565752,56.21337002,53.53329068,42.41344967,34.61316672,34.06511684,36.45401276,36.45401276,34.18951375,34.18951375,34.18951375,35.07732618,35.07732618,35.07732618,22.96634138,22.96634138,19.8604164,19.8604164,35.07732618,34.18951375,34.18951375,53.82144608,53.82144608
3,9,10,70,68.10699556,59.68846064,54.45689387,54.20036992,54.20036992,33.9735158,33.9735158,42.54673786,49.3264565,49.3264565,49.3264565,49.3264565,51.18912292,51.18912292,51.18912292,51.18912292,55.51185471,51.48184382,54.4618704,57.9766523,59.63320218,56.50255791,46.15435254,38.1073602,38.7576431,41.61412441,41.61412441,39.35675229,39.35675229,39.35675229,40.17528449,40.17528449,40.17528449,26.42618308,26.42618308,20.39645358,20.39645358,40.17528449,39.35675229,39.35675229,54.45689387,54.45689387
3,9,20,70,66.60285699,60.01947948,55.84777661,51.60677258,51.60677258,35.10920532,35.10920532,39.63863526,50.19833974,50.19833974,50.19833974,50.19833974,52.36594413,52.36594413,52.36594413,52.36594413,51.7953558,48.16985818,55.11411221,58.1722117,59.16104105,55.98571649,47.21203908,38.84438971,39.99735979,47.22507411,47.22507411,42.0551119,42.0551119,42.0551119,43.54375888,43.54375888,43.54375888,28.91301729,28.91301729,21.36706847,21.36706847,43.54375888,42.0551119,42.0551119,55.84777661,55.84777661
3,9,30,70,67.38563165,60.76862564,55.7689951,48.41905879,48.41905879,37.13125,37.13125,45.02050654,51.20328893,51.20328893,51.20328893,51.20328893,53.03893996,53.03893996,53.03893996,53.03893996,48.10429395,44.31508096,54.84144374,58.12065175,57.64790988,55.6694155,46.64491126,38.23212642,39.80637478,45.3730884,45.3730884,45.26203368,45.26203368,45.26203368,46.6538242,46.6538242,46.6538242,30.29528237,30.29528237,21.9668389,21.9668389,46.6538242,45.26203368,45.26203368,55.7689951,55.7689951
3,9,40,70,67.6809942,61.28647132,56.33455493,47.0060866,47.0060866,37.70441176,37.70441176,43.48357843,50.39226454,50.39226454,50.39226454,50.39226454,52.84336786,52.84336786,52.84336786,52.84336786,55.14838435,52.12077081,57.85995425,61.46171345,60.62644985,59.69074855,48.90536101,39.58587102,40.83739224,47.73329441,47.73329441,45.88948449,45.88948449,45.88948449,47.9875521,47.9875521,47.9875521,31.87411092,31.87411092,22.0491775,22.0491775,47.9875521,45.88948449,45.88948449,56.33455493,56.33455493
3,9,50,70,68.36781813,62.71029717,58.69872491,50.9191585,50.9191585,37.58476307,37.58476307,41.34821429,50.05869106,50.05869106,50.05869106,50.05869106,52.91766188,52.91766188,52.91766188,52.91766188,56.00247232,53.4845694,59.18876591,63.90112576,64.03379397,61.87757838,53.52431325,41.86732911,44.64755684,51.53672751,51.53672751,49.94538054,49.94538054,49.94538054,51.2591773,51.2591773,51.2591773,35.68113972,35.68113972,23.71760963,23.71760963,51.2591773,49.94538054,49.94538054,58.69872491,58.69872491
3,10,0,70,68.80726314,63.32225467,62.62516711,58.66470373,58.66470373,43.91023284,43.91023284,43.00619748,50.94364722,50.94364722,50.94364722,50.94364722,53.12287422,53.12287422,53.12287422,53.12287422,58.03234351,56.26742889,60.10618999,65.57858988,65.76491621,63.06045826,57.59975971,45.59557578,47.97551801,57.12215291,57.12215291,54.26864472,54.26864472,54.26864472,56.87426214,56.87426214,56.87426214,42.02294715,42.02294715,27.07922908,27.07922908,56.87426214,54.26864472,54.26864472,62.62516711,62.62516711
3,10,10,69.09375,68.71915508,63.45446118,63.21488831,61.7201673,61.7201673,52.91778711,52.91778711,49.0386489,52.83761929,52.83761929,52.83761929,52.83761929,53.15959237,53.15959237,53.15959237,53.15959237,58.60493436,56.19696927,58.962029,64.8774195,65.27961361,63.38835016,58.0995919,46.63180172,51.00394977,59.98134885,59.98134885,59.97756927,59.97756927,59.97756927,62.9110426,62.9110426,62.9110426,50.09543277,50.09543277,32.53295691,32.53295691,62.9110426,59.97756927,59.97756927,63.21488831,63.21488831
3,10,20,70,68.50166608,62.99795393,62.79999443,61.75347885,61.75347885,52.42630719,52.42630719,49.32657782,53.10564967,53.10564967,53.10564967,53.10564967,53.05163109,53.05163109,53.05163109,53.05163109,57.25407257,55.04230567,58.24446038,64.16956193,64.219846,63.10294842,57.52575081,45.94873284,49.36338336,59.35074051,59.35074051,61.22951531,61.22951531,61.22951531,64.45669024,64.45669024,64.45669024,53.87541255,53.87541255,35.00159632,35.00159632,64.45669024,61.22951531,61.22951531,62.79999443,62.79999443
3,10,30,70,68.03363421,62.38454343,62.55105956,61.50086888,61.50086888,57.66702874,57.66702874,49.89739305,54.16518436,54.16518436,54.16518436,54.16518436,52.48707153,52.48707153,52.48707153,52.48707153,52.14571916,51.54816857,58.15916495,63.64008855,63.58591152,62.09005764,55.53302051,44.60503175,47.34826712,57.23804556,57.23804556,60.55676296,60.55676296,60.55676296,64.08911066,64.08911066,64.08911066,56.68539675,56.68539675,38.49087677,38.49087677,64.08911066,60.55676296,60.55676296,62.55105956,62.55105956
3,10,40,70,68.33307985,61.84584792,62.22400263,61.5980471,61.5980471,59.76168592,59.76168592,50.62296481,54.84459839,54.84459839,54.84459839,54.84459839,52.46498674,52.46498674,52.46498674,52.46498674,55.25567304,54.45137108,58.34133825,63.46651527,62.20928162,60.01238147,54.81408202,43.99276941,47.45118301,56.77784794,56.77784794,61.03106309,61.03106309,61.03106309,64.77026949,64.77026949,64.77026949,56.8270969,56.8270969,40.2527179,40.2527179,64.77026949,61.03106309,61.03106309,62.22400263,62.22400263
3,10,50,70,68.6416054,61.87607115,61.08489376,61.03872383,61.03872383,60.88611321,60.88611321,53.59328259,54.66821075,54.66821075,54.66821075,54.66821075,53.30876636,53.30876636,53.30876636,53.30876636,56.41431312,55.32941415,58.69849099,63.29426075,61.35375401,58.17848437,54.73264098,43.64357558,46.74185777,58.07202578,58.07202578,61.06740238,61.06740238,61.06740238,64.10972327,64.10972327,64.10972327,57.37217984,57.37217984,45.47810045,45.47810045,64.10972327,61.06740238,61.06740238,61.08489376,61.08489376
3,11,0,70,68.39343638,62.34689944,60.79381684,60.03751021,60.03751021,59.28911356,59.28911356,53.00890012,54.20441566,54.20441566,54.20441566,54.20441566,53.4102348,53.4102348,53.4102348,53.4102348,57.03868298,55.62660481,57.59537493,62.50178974,61.23557739,57.80790394,54.83811347,44.48888516,47.63388753,58.40915076,58.40915076,61.58811359,61.58811359,61.58811359,64.5780742,64.5780742,64.5780742,60.96417594,60.96417594,48.63227291,48.63227291,64.5780742,61.58811359,61.58811359,60.79381684,60.79381684
3,11,10,68.53571429,68.75967399,63.22333575,62.07398633,60.7697271,60.7697271,58.88592168,58.88592168,54.68965122,54.05733653,54.05733653,54.05733653,54.05733653,53.25074092,53.25074092,53.25074092,53.25074092,56.3210862,56.73179723,58.37593822,63.43369937,62.66582759,59.32668247,55.53609452,44.72383691,46.88263688,56.84046447,56.84046447,62.19394787,62.19394787,62.19394787,65.25309875,65.25309875,65.25309875,60.36791029,60.36791029,49.92744912,49.92744912,65.25309875,62.19394787,62.19394787,62.07398633,62.07398633
3,11,20,70,68.76306764,63.15385154,62.91701203,61.64408247,61.64408247,55.45816993,55.45816993,54.07594001,52.50118254,52.50118254,52.50118254,52.50118254,53.05252668,53.05252668,53.05252668,53.05252668,57.2401761,56.05030682,58.99655809,64.1861144,63.07003476,59.14547963,53.84523472,43.71494864,45.81146856,53.90259298,53.90259298,61.61977776,61.61977776,61.61977776,65.01280043,65.01280043,65.01280043,61.43168382,61.43168382,49.9612572,49.9612572,65.01280043,61.61977776,61.61977776,62.91701203,62.91701203
3,11,30,70,68.05583349,62.92590243,61.48023459,60.70499112,60.70499112,56.89564951,56.89564951,55.05569123,52.87423846,52.87423846,52.87423846,52.87423846,52.51430774,52.51430774,52.51430774,52.51430774,55.62498787,55.96908069,58.71845588,63.51987843,63.05514704,61.33940761,53.0145141,41.61176481,45.01011492,53.90450483,53.90450483,60.35871901,60.35871901,60.35871901,64.5966625,64.5966625,64.5966625,60.76735611,60.76735611,45.0217391,45.0217391,64.5966625,60.35871901,60.35871901,61.48023459,61.48023459
3,11,40,70,67.24557695,62.99268819,62.34453305,61.27000723,61.27000723,59.10672906,59.10672906,54.28027379,52.75301735,52.75301735,52.75301735,52.75301735,52.10447259,52.10447259,52.10447259,52.10447259,56.38802441,55.14683527,57.953129,62.14655475,62.19094091,62.36575723,54.67887492,40.70068393,43.59890679,54.88811273,54.88811273,60.38105169,60.38105169,60.38105169,64.13110214,64.13110214,64.13110214,57.0841436,57.0841436,37.77934917,37.77934917,64.13110214,60.38105169,60.38105169,62.34453305,62.34453305
3,11,50,69.0625,67.27220704,62.96929401,62.76895619,61.87189893,61.87189893,63.42119514,63.42119514,54.69562455,53.36168649,53.36168649,53.36168649,53.36168649,51.99408816,51.99408816,51.99408816,51.99408816,54.4588049,54.36624332,56.24613237,60.87977125,60.4221089,61.53394388,55.91249444,42.05399247,44.85729698,56.02607599,56.02607599,60.14454733,60.14454733,60.14454733,63.69497418,63.69497418,63.69497418,56.16047122,56.16047122,35.67561566,35.67561566,63.69497418,60.14454733,60.14454733,62.76895619,62.76895619
3,12,0,70,68.25223506,62.52875789,62.60494253,61.90561275,61.90561275,63.74816176,63.74816176,53.78534007,53.35551106,53.35551106,53.35551106,53.35551106,51.57571888,51.57571888,51.57571888,51.57571888,56.86636555,55.55617647,56.76438082,62.11351246,61.87534204,63.89115678,57.49182869,40.76423948,42.94368953,55.97878134,55.97878134,59.98899182,59.98899182,59.98899182,64.36347373,64.36347373,64.36347373,55.45635393,55.45635393,37.1792548,37.1792548,64.36347373,59.98899182,59.98899182,62.60494253,62.60494253
3,12,10,70,68.51757072,63.08732395,62.74788554,61.37493581,61.37493581,60.54595588,60.54595588,54.9916973,53.13629557,53.13629557,53.13629557,53.13629557,51.17921078,51.17921078,51.17921078,51.17921078,56.24169203,55.20559578,56.05795697,61.30909344,60.24057463,64.12852543,57.48115104,40.49670968,43.11160012,56.86821118,56.86821118,59.10301039,59.10301039,59.10301039,63.11295926,63.11295926,63.11295926,56.66497249,56.66497249,38.22186338,38.22186338,63.11295926,59.10301039,59.10301039,62.74788554,62.74788554
3,12,20,70,68.45472981,62.99360089,62.80048853,60.56888779,60.56888779,54.67675265,54.67675265,52.460009,51.17284674,51.17284674,51.17284674,51.17284674,50.77865343,50.77865343,50.77865343,50.77865343,52.92022616,51.63917558,54.6127702,59.97365029,58.57012595,61.92710881,54.93545192,36.94407948,39.91419718,52.87452235,52.87452235,57.9794129,57.9794129,57.9794129,62.85991323,62.85991323,62.85991323,56.03804162,56.03804162,32.69852083,32.69852083,62.85991323,57.9794129,57.9794129,62.80048853,62.80048853
3,12,30,70,68.62796217,62.55438147,62.29899043,58.83442493,58.83442493,52.21275871,52.21275871,52.96939776,50.95760137,50.95760137,50.95760137,50.95760137,51.0697119,51.0697119,51.0697119,51.0697119,52.28602941,50.40095705,53.69746211,56.96529428,52.32417496,56.92819664,48.74872293,34.36257837,39.18153867,53.2315067,53.2315067,56.32873897,56.32873897,56.32873897,61.08423437,61.08423437,61.08423437,51.41038516,51.41038516,28.72473742,28.72473742,61.08423437,56.32873897,56.32873897,62.29899043,62.29899043
3,12,40,70,68.51825728,62.52178849,60.75456438,56.04626998,56.04626998,48.98858252,48.98858252,52.81001984,50.43944698,50.43944698,50.43944698,50.43944698,50.81679432,50.81679432,50.81679432,50.81679432,53.60480726,50.57270313,51.28269554,54.03491506,49.37031817,51.15538001,43.59777929,32.30548558,35.63239242,49.22180044,49.22180044,55.85289189,55.85289189,55.85289189,60.6568475,60.6568475,60.6568475,48.06853538,48.06853538,27.47841123,27.47841123,60.6568475,55.85289189,55.85289189,60.75456438,60.75456438
3,12,50,70,68.30257159,62.6645516,60.13875467,55.85411674,55.85411674,48.31904956,48.31904956,51.99323729,49.77199925,49.77199925,49.77199925,49.77199925,49.79807165,49.79807165,49.79807165,49.79807165,51.19502352,48.11686149,48.65292568,51.35680832,45.58797948,46.01405112,40.5120367,30.96089481,34.48694059,45.98601871,45.98601871,54.86312925,54.86312925,54.86312925,59.81794956,59.81794956,59.81794956,47.67173989,47.67173989,28.97900961,28.97900961,59.81794956,54.86312925,54.86312925,60.13875467,60.13875467
3,13,0,70,68.33497849,62.88964998,61.14540538,58.4368584,58.4368584,50.00980392,50.00980392,52.23209034,48.82088308,48.82088308,48.82088308,48.82088308,48.68387871,48.68387871,48.68387871,48.68387871,51.93216593,45.37972323,46.26194065,48.62869315,43.15739373,44.9741042,40.86930909,31.01924494,36.01746037,46.74270933,46.74270933,54.34264268,54.34264268,54.34264268,60.14651885,60.14651885,60.14651885,48.57233606,48.57233606,31.0883112,31.0883112,60.14651885,54.34264268,54.34264268,61.14540538,61.14540538
3,13,10,70,68.32195348,62.81285872,61.09192538,56.93385076,56.93385076,47.8370098,47.8370098,49.87377451,47.71690042,47.71690042,47.71690042,47.71690042,44.97314016,44.97314016,44.97314016,44.97314016,40.34529324,40.39745775,41.51627079,41.9341425,39.89232499,43.26619374,40.47078576,30.52564011,34.81134184,45.15701192,45.15701192,54.17918951,54.17918951,54.17918951,59.42097601,59.42097601,59.42097601,47.44212418,47.44212418,27.71153305,27.71153305,59.42097601,54.17918951,54.17918951,61.09192538,61.09192538
3,13,20,70,68.1904399,62.96573772,59.70468578,54.25347212,54.25347212,46.36223083,46.36223083,51.89918884,47.35937554,47.35937554,47.35937554,47.35937554,39.59619435,39.59619435,39.59619435,39.59619435,38.3873485,38.46552505,37.05825834,37.82208102,36.57808559,38.90047505,36.80710448,30.74241062,35.24102048,44.16074018,44.16074018,52.46753919,52.46753919,52.46753919,56.1371684,56.1371684,56.1371684,44.27717175,44.27717175,25.64494031,25.64494031,56.1371684,52.46753919,52.46753919,59.70468578,59.70468578
3,13,30,70,67.65351792,61.14426755,56.49129289,49.90445452,49.90445452,41.55971639,41.55971639,49.4821538,45.29660021,45.29660021,45.29660021,45.29660021,37.77926852,37.77926852,37.77926852,37.77926852,36.76740751,35.73810146,35.18905474,34.77189369,33.60923831,36.13968208,33.84152206,29.9326105,34.22361604,44.92400843,44.92400843,48.72370279,48.72370279,48.72370279,52.74584762,52.74584762,52.74584762,39.66894157,39.66894157,23.48979894,23.48979894,52.74584762,48.72370279,48.72370279,56.49129289,56.49129289
3,13,40,70,67.55164446,59.57741524,51.23771855,45.90221702,45.90221702,41.77739846,41.77739846,50.02257966,43.99867362,43.99867362,43.99867362,43.99867362,37.59623412,37.59623412,37.59623412,37.59623412,37.24886668,35.57251864,33.24919253,32.35733241,31.37495997,32.79823608,31.79854378,28.63870815,31.19564912,42.20530801,42.20530801,45.45262682,45.45262682,45.45262682,49.37530468,49.37530468,49.37530468,35.55553674,35.55553674,22.70646279,22.70646279,49.37530468,45.45262682,45.45262682,51.23771855,51.23771855
3,13,50,67.83333333,67.93371009,60.85995894,51.17743056,43.53593696,43.53593696,44.43160233,44.43160233,48.8546841,43.74918429,43.74918429,43.74918429,43.74918429,34.1160151,34.1160151,34.1160151,34.1160151,42.04806423,40.17738179,32.08472556,31.21277882,29.3500468,32.96343008,30.91415651,27.28337599,30.29523752,39.26405634,39.26405634,43.58048913,43.58048913,43.58048913,48.49361878,48.49361878,48.49361878,32.53415471,32.53415471,23.27411134,23.27411134,48.49361878,43.58048913,43.58048913,51.17743056,51.17743056
3,14,0,70,68.0843753,61.84919907,54.26423319,45.75749016,45.75749016,41.6422569,41.6422569,49.12670474,43.72165334,43.72165334,43.72165334,43.72165334,31.86729193,31.86729193,31.86729193,31.86729193,35.18647195,37.28269754,31.19907862,30.44800247,29.20446041,31.7331714,30.27564882,27.39561836,30.90251739,39.58174373,39.58174373,40.69612099,40.69612099,40.69612099,42.88407092,42.88407092,42.88407092,29.72828348,29.72828348,21.83089442,21.83089442,42.88407092,40.69612099,40.69612099,54.26423319,54.26423319
3,14,10,70,67.83669841,57.66939893,48.69760543,39.95627283,39.95627283,41.41013072,41.41013072,47.9664916,42.45212799,42.45212799,42.45212799,42.45212799,30.15337047,30.15337047,30.15337047,30.15337047,33.31758736,36.11119438,31.07920181,31.01162306,29.4536246,29.16170745,29.31838629,27.03696852,28.75180616,33.89778497,33.89778497,38.8270358,38.8270358,38.8270358,42.67209243,42.67209243,42.67209243,28.53223306,28.53223306,20.5921245,20.5921245,42.67209243,38.8270358,38.8270358,48.69760543,48.69760543
3,14,20,70,67.04404523,56.00372248,39.26088936,31.74021942,31.74021942,41.55227591,41.55227591,47.28746499,39.1343534,39.1343534,39.1343534,39.1343534,27.54867683,27.54867683,27.54867683,27.54867683,28.02947304,31.55799837,29.75287546,29.35648899,28.02609308,26.75955859,27.07323513,26.08153494,26.84270629,33.1212357,33.1212357,36.86722936,36.86722936,36.86722936,37.84417452,37.84417452,37.84417452,23.97411853,23.97411853,19.54337719,19.54337719,37.84417452,36.86722936,36.86722936,39.26088936,39.26088936
3,14,30,70,64.46900098,48.95620102,36.5470277,29.5633415,29.5633415,40.28230042,40.28230042,45.91026865,36.47541922,36.47541922,36.47541922,36.47541922,24.91650992,24.91650992,24.91650992,24.91650992,28.18817391,30.2726035,28.71029469,27.78829252,26.95024007,28.26375264,27.68528153,27.91280869,28.47707444,33.82120168,33.82120168,34.57076019,34.57076019,34.57076019,35.74675183,35.74675183,35.74675183,23.04218539,23.04218539,19.14817588,19.14817588,35.74675183,34.57076019,34.57076019,36.5470277,36.5470277
3,14,40,65.6,62.99975166,48.33702792,35.62135341,26.13176114,26.13176114,40.04761905,40.04761905,46.59541317,35.93017491,35.93017491,35.93017491,35.93017491,23.35990971,23.35990971,23.35990971,23.35990971,23.66425166,27.20993793,26.82945619,25.06588242,23.66409975,25.81679804,26.67430385,27.05640904,27.84955005,32.45632053,32.45632053,32.79784114,32.79784114,32.79784114,35.61370171,35.61370171,35.61370171,23.22122332,23.22122332,18.24741827,18.24741827,35.61370171,32.79784114,32.79784114,35.62135341,35.62135341
3,14,50,70,66.38088619,53.22402446,38.51660539,29.66374478,29.66374478,40.12342437,40.12342437,46.0817402,33.03140032,33.03140032,33.03140032,33.03140032,21.69749342,21.69749342,21.69749342,21.69749342,21.47830575,25.12518717,26.30292995,23.60811788,21.77915038,22.6028965,26.45692269,26.35846849,27.29201828,32.1577221,32.1577221,33.81633874,33.81633874,33.81633874,38.23260716,38.23260716,38.23260716,24.18002347,24.18002347,18.34018332,18.34018332,38.23260716,33.81633874,33.81633874,38.51660539,38.51660539
3,15,0,70,68.82802716,56.75948561,50.7278112,41.65143201,41.65143201,39.29062792,39.29062792,45.14675537,29.70839122,29.70839122,29.70839122,29.70839122,20.57517747,20.57517747,20.57517747,20.57517747,20.24298909,25.15782022,25.36679451,24.47823906,23.66427068,25.41400113,25.92711748,25.97444063,27.29252339,31.77324955,31.77324955,34.86619165,34.86619165,34.86619165,38.56756507,38.56756507,38.56756507,23.13369055,23.13369055,17.04969478,17.04969478,38.56756507,34.86619165,34.86619165,50.7278112,50.7278112
3,15,10,70,68.59412093,57.41073067,49.81525064,39.25089119,39.25089119,39.10420668,39.10420668,46.27582283,28.57002113,28.57002113,28.57002113,28.57002113,20.14145985,20.14145985,20.14145985,20.14145985,18.79855519,24.80778085,25.49334963,23.49890486,22.06063645,25.73842309,25.77823965,26.48644297,28.84676184,31.86831179,31.86831179,32.6331982,32.6331982,32.6331982,34.38437117,34.38437117,34.38437117,22.50515341,22.50515341,16.47846175,16.47846175,34.38437117,32.6331982,32.6331982,49.81525064,49.81525064
3,15,20,70,68.35237742,53.57916415,40.79056373,29.23160517,29.23160517,39.96507353,39.96507353,44.39023109,24.20551931,24.20551931,24.20551931,24.20551931,19.59958288,19.59958288,19.59958288,19.59958288,21.01348389,24.73019258,25.58374624,24.91559511,23.94314542,25.78128674,24.89465511,26.09661392,27.8189168,29.49605029,29.49605029,32.86380222,32.86380222,32.86380222,34.98287166,34.98287166,34.98287166,20.49534579,20.49534579,15.81565912,15.81565912,34.98287166,32.86380222,32.86380222,40.79056373,40.79056373
3,15,30,70,65.84060592,51.48217406,41.52392568,26.94218118,26.94218118,37.73622199,37.73622199,41.87616713,20.06458008,20.06458008,20.06458008,20.06458008,18.99906471,18.99906471,18.99906471,18.99906471,18.54457229,20.66597285,24.26416189,22.98215871,22.48441525,24.17722171,24.3276839,25.88420995,26.83047202,29.56496505,29.56496505,31.23440056,31.23440056,31.23440056,32.13046345,32.13046345,32.13046345,18.84096428,18.84096428,17.32029409,17.32029409,32.13046345,31.23440056,31.23440056,41.52392568,41.52392568
3,15,40,70,63.9989426,47.45514925,38.0334267,22.80980846,22.80980846,36.78168768,36.78168768,40.54502801,18.66849479,18.66849479,18.66849479,18.66849479,18.90039355,18.90039355,18.90039355,18.90039355,17.70480042,20.29742647,23.66330731,22.39834871,22.21843055,23.63941721,23.97619097,25.62799252,25.58560539,27.68833736,27.68833736,30.55641695,30.55641695,30.55641695,33.13745311,33.13745311,33.13745311,18.11515855,18.11515855,16.60551147,16.60551147,33.13745311,30.55641695,30.55641695,38.0334267,38.0334267
3,15,50,70,64.82701295,39.29304279,34.45409787,20.41285176,20.41285176,37.40155229,37.40155229,40.98573179,17.51487839,17.51487839,17.51487839,17.51487839,18.07190399,18.07190399,18.07190399,18.07190399,20.62867961,23.24201703,23.2930553,22.29967248,22.13105828,24.5636947,24.80575502,25.30288339,26.46557176,29.61927354,29.61927354,30.24822859,30.24822859,30.24822859,32.78638052,32.78638052,32.78638052,18.31072069,18.31072069,15.85129782,15.85129782,32.78638052,30.24822859,30.24822859,34.45409787,34.45409787
3,16,0,70,63.85619389,49.55497214,39.10875481,22.67487568,22.67487568,37.45208333,37.45208333,39.85414624,15.27424907,15.27424907,15.27424907,15.27424907,17.2675125,17.2675125,17.2675125,17.2675125,17.59690031,20.83004573,22.78584,21.85951874,21.83286716,22.87402946,23.47323192,24.22177207,24.04874997,27.45130368,27.45130368,31.88793259,31.88793259,31.88793259,37.21462624,37.21462624,37.21462624,20.52678624,20.52678624,15.55989974,15.55989974,37.21462624,31.88793259,31.88793259,39.10875481,39.10875481
3,16,10,70,63.5321192,50.85820866,37.4951686,19.75065019,19.75065019,36.31985294,36.31985294,40.34834559,15.779651,15.779651,15.779651,15.779651,16.98046851,16.98046851,16.98046851,16.98046851,16.68941392,19.34451896,21.67321247,20.6172526,21.03223714,22.94016178,24.25673303,25.49453872,26.44052272,30.44246906,30.44246906,31.71706066,31.71706066,31.71706066,36.02750524,36.02750524,36.02750524,19.87434772,19.87434772,14.63647217,14.63647217,36.02750524,31.71706066,31.71706066,37.4951686,37.4951686
3,16,20,70,64.13883914,48.38020833,34.53606542,17.3546841,17.3546841,35.62438725,35.62438725,38.40943627,14.706623,14.706623,14.706623,14.706623,16.57467837,16.57467837,16.57467837,16.57467837,16.98012461,20.88022059,22.66340495,21.89399598,22.04230232,24.37471585,25.27359995,25.96619891,27.22310649,30.13894586,30.13894586,31.4114663,31.4114663,31.4114663,33.12834855,33.12834855,33.12834855,17.73746625,17.73746625,13.92455649,13.92455649,33.12834855,31.4114663,31.4114663,34.53606542,34.53606542
3,16,30,70,63.95588144,48.88624728,41.1692278,20.55365394,20.55365394,34.47451923,34.47451923,38.32291667,14.02081874,14.02081874,14.02081874,14.02081874,16.5959139,16.5959139,16.5959139,16.5959139,16.21752137,18.62926668,22.47524022,21.89202705,22.46792308,24.44888722,24.44851615,24.81944238,26.38686187,30.37703287,30.37703287,31.0490014,31.0490014,31.0490014,35.3317091,35.3317091,35.3317091,17.36993341,17.36993341,13.74731064,13.74731064,35.3317091,31.0490014,31.0490014,41.1692278,41.1692278
3,16,40,70,64.9596589,51.20101063,35.50694159,16.91740958,16.91740958,34.95343137,34.95343137,38.85223652,14.5048811,14.5048811,14.5048811,14.5048811,16.02335334,16.02335334,16.02335334,16.02335334,16.38,19.4712535,21.64040804,21.03435264,21.52014905,24.85266372,25.02307349,25.34961446,26.46943229,30.79961613,30.79961613,31.48414901,31.48414901,31.48414901,35.68346636,35.68346636,35.68346636,16.81867445,16.81867445,14.59288472,14.59288472,35.68346636,31.48414901,31.48414901,35.50694159,35.50694159
3,16,50,70,65.73485387,52.53472006,43.4240215,22.22041222,22.22041222,35.11903966,35.11903966,38.71899138,13.62311123,13.62311123,13.62311123,13.62311123,15.97220913,15.97220913,15.97220913,15.97220913,14.8730233,19.10056882,21.96188236,21.99459744,22.31241997,26.20701113,25.84267519,26.64248943,28.2823649,34.40048083,34.40048083,32.60617259,32.60617259,32.60617259,38.4343179,38.4343179,38.4343179,18.15393542,18.15393542,13.93983567,13.93983567,38.4343179,32.60617259,32.60617259,43.4240215,43.4240215
3,17,0,70,67.29895541,55.21492963,49.18114831,28.01835534,28.01835534,36.93607026,36.93607026,40.1927521,13.7177008,13.7177008,13.7177008,13.7177008,16.0918874,16.0918874,16.0918874,16.0918874,19.22820635,20.57692291,22.18476047,21.79922334,22.02229268,24.22744836,24.5933113,25.24410336,26.93334345,32.63172879,32.63172879,32.2775136,32.2775136,32.2775136,39.17337389,39.17337389,39.17337389,18.05379095,18.05379095,13.36553355,13.36553355,39.17337389,32.2775136,32.2775136,49.18114831,49.18114831
3,17,10,70,66.44895968,50.82824936,43.39479964,23.00064104,23.00064104,35.83683473,35.83683473,39.23636642,14.04223057,14.04223057,14.04223057,14.04223057,15.45619592,15.45619592,15.45619592,15.45619592,16.26984477,19.21811275,21.2503619,21.08703427,20.52196013,21.22772384,24.48416737,25.43186359,27.02438598,31.61123774,31.61123774,31.5974982,31.5974982,31.5974982,38.99380078,38.99380078,38.99380078,18.1820878,18.1820878,13.86212404,13.86212404,38.99380078,31.5974982,31.5974982,43.39479964,43.39479964
3,17,20,70,66.46877541,54.19444759,39.09396446,17.48236578,17.48236578,36.70539966,36.70539966,39.90824142,13.16051363,13.16051363,13.16051363,13.16051363,15.7008963,15.7008963,15.7008963,15.7008963,15.61274938,19.31141917,21.74781105,21.64197797,20.86688697,21.57808571,23.71669696,24.70616782,26.63512913,30.384103,30.384103,30.82934582,30.82934582,30.82934582,35.95847826,35.95847826,35.95847826,16.99531326,16.99531326,13.35001184,13.35001184,35.95847826,30.82934582,30.82934582,39.09396446,39.09396446
3,17,30,70,68.53959184,55.89491253,39.75134497,17.85384182,17.85384182,36.30098039,36.30098039,40.78096405,13.92793142,13.92793142,13.92793142,13.92793142,15.69657031,15.69657031,15.69657031,15.69657031,16.44060974,19.56057423,21.60235882,21.1865973,20.88218424,21.69151953,23.32726184,24.90163306,26.09103736,29.27482422,29.27482422,29.71136023,29.71136023,29.71136023,35.70276342,35.70276342,35.70276342,16.0427399,16.0427399,12.92414943,12.92414943,35.70276342,29.71136023,29.71136023,39.75134497,39.75134497
3,17,40,70,66.13241243,53.62593137,36.62002291,16.9271251,16.9271251,33.94428396,33.94428396,37.89407346,13.27656979,13.27656979,13.27656979,13.27656979,15.64373548,15.64373548,15.64373548,15.64373548,17.74460946,19.41097021,21.83686407,22.1940929,21.57090861,21.01419594,23.36904111,24.60919153,25.73348878,27.68327081,27.68327081,29.94351125,29.94351125,29.94351125,34.46102915,34.46102915,34.46102915,17.55515005,17.55515005,14.51474707,14.51474707,34.46102915,29.94351125,29.94351125,36.62002291,36.62002291
3,17,50,70,67.09212906,53.5711573,40.37607197,17.80777811,17.80777811,31.55514706,31.55514706,36.52971814,13.29730192,13.29730192,13.29730192,13.29730192,15.6854237,15.6854237,15.6854237,15.6854237,14.88808357,18.13435574,22.56662005,22.32792209,21.53288025,21.91600247,22.76309479,24.91357997,26.17232221,27.56901854,27.56901854,29.70981702,29.70981702,29.70981702,35.49955813,35.49955813,35.49955813,18.60317311,18.60317311,15.02136721,15.02136721,35.49955813,29.70981702,29.70981702,40.37607197,40.37607197
3,18,0,70,67.48608943,56.26068043,43.81193666,21.59571017,21.59571017,33.42910539,33.42910539,36.64728058,13.72543168,13.72543168,13.72543168,13.72543168,15.93520563,15.93520563,15.93520563,15.93520563,15.02309578,17.65997253,22.27821246,22.00105188,20.91284842,21.47394021,23.10326673,24.70023894,26.13254121,30.14880422,30.14880422,31.29382932,31.29382932,31.29382932,33.52470082,33.52470082,33.52470082,19.2150885,19.2150885,16.15352858,16.15352858,33.52470082,31.29382932,31.29382932,43.81193666,43.81193666
3,18,10,70,69.25577875,55.25303982,40.29100064,18.73069595,18.73069595,35.03850082,35.03850082,39.41260723,14.5400934,14.5400934,14.5400934,14.5400934,15.8585901,15.8585901,15.8585901,15.8585901,15.77799213,18.27955214,22.35866463,22.06121703,21.12676282,22.75954483,24.15853946,24.74352735,26.4393562,30.26540824,30.26540824,32.55311282,32.55311282,32.55311282,36.07119438,36.07119438,36.07119438,21.87398102,21.87398102,17.46197058,17.46197058,36.07119438,32.55311282,32.55311282,40.29100064,40.29100064
3,18,20,70,69.10567807,58.04469033,37.90210847,16.55557223,16.55557223,35.36403001,35.36403001,38.87530498,14.3211257,14.3211257,14.3211257,14.3211257,15.94082822,15.94082822,15.94082822,15.94082822,16.91729423,20.01128932,22.89951722,21.9999744,21.28721102,22.16323627,23.53972096,25.37582082,26.88630283,29.51318406,29.51318406,33.8697376,33.8697376,33.8697376,41.08319875,41.08319875,41.08319875,21.81231198,21.81231198,16.1771066,16.1771066,41.08319875,33.8697376,33.8697376,37.90210847,37.90210847
3,18,30,70,68.87500963,59.83339661,36.93101648,16.31330317,16.31330317,34.25281863,34.25281863,38.59689032,15.13271548,15.13271548,15.13271548,15.13271548,15.86063945,15.86063945,15.86063945,15.86063945,15.28401292,20.85273024,22.62024401,22.33698609,22.25299373,22.87404794,23.76946622,25.39604349,27.88487573,32.3717668,32.3717668,34.50967381,34.50967381,34.50967381,36.5055876,36.5055876,36.5055876,21.06274189,21.06274189,17.0629547,17.0629547,36.5055876,34.50967381,34.50967381,36.93101648,36.93101648
3,18,40,70,69.01306952,60.03702339,43.76868494,21.02745195,21.02745195,36.01533224,36.01533224,40.58155637,15.22275419,15.22275419,15.22275419,15.22275419,16.86884592,16.86884592,16.86884592,16.86884592,16.10608759,22.38956448,23.66637251,23.04294972,21.77453346,23.17346146,24.07966702,25.87477865,28.60136562,31.37486209,31.37486209,33.171386,33.171386,33.171386,36.19642202,36.19642202,36.19642202,23.93728331,23.93728331,18.54986885,18.54986885,36.19642202,33.171386,33.171386,43.76868494,43.76868494
3,18,50,70,68.87158152,61.61771956,51.75472483,30.56467099,30.56467099,33.62605042,33.62605042,38.67258987,16.49979538,16.49979538,16.49979538,16.49979538,17.28060448,17.28060448,17.28060448,17.28060448,17.1793544,23.8843596,25.19216067,24.72221997,22.99750291,22.63476926,24.10917126,25.28234743,27.38030621,30.88614774,30.88614774,34.46477588,34.46477588,34.46477588,40.24071551,40.24071551,40.24071551,24.23251475,24.23251475,19.66412945,19.66412945,40.24071551,34.46477588,34.46477588,51.75472483,51.75472483
3,19,0,70,68.9558544,63.17560608,56.80402101,39.40769034,39.40769034,35.65861345,35.65861345,41.04044118,18.21331568,18.21331568,18.21331568,18.21331568,19.17573517,19.17573517,19.17573517,19.17573517,18.03031821,24.40825535,25.19372412,24.54998081,23.54327683,22.68438137,24.27993483,26.25278301,28.32623997,32.2424041,32.2424041,37.34507475,37.34507475,37.34507475,45.46974828,45.46974828,45.46974828,31.61214159,31.61214159,20.94676412,20.94676412,45.46974828,37.34507475,37.34507475,56.80402101,56.80402101
3,19,10,70,69.09002775,63.18067631,55.97088688,41.10644787,41.10644787,36.58186275,36.58186275,42.25265523,19.72942663,19.72942663,19.72942663,19.72942663,19.80034508,19.80034508,19.80034508,19.80034508,20.60767551,24.88674414,25.66017368,25.39064106,25.1466772,22.92624177,24.6025111,27.54877526,31.00534873,34.18973997,34.18973997,39.24682521,39.24682521,39.24682521,46.97343932,46.97343932,46.97343932,34.3903855,34.3903855,22.05096013,22.05096013,46.97343932,39.24682521,39.24682521,55.97088688,55.97088688
3,19,20,70,68.88160442,63.29946736,53.16152577,39.10126405,39.10126405,37.27631303,37.27631303,39.95023148,20.92385027,20.92385027,20.92385027,20.92385027,20.35460463,20.35460463,20.35460463,20.35460463,25.57816176,27.34111551,26.46285753,25.87243412,25.94609992,23.61027107,25.63434921,28.22130194,31.39162307,34.94133148,34.94133148,40.97557277,40.97557277,40.97557277,49.37745615,49.37745615,49.37745615,35.74451947,35.74451947,22.72706031,22.72706031,49.37745615,40.97557277,40.97557277,53.16152577,53.16152577
3,19,30,70,68.38382167,61.90933429,56.81814428,46.35377944,46.35377944,36.98933824,36.98933824,39.89782524,23.70350291,23.70350291,23.70350291,23.70350291,21.30162104,21.30162104,21.30162104,21.30162104,25.98906378,27.61282428,26.25391747,25.62618337,25.99240658,23.57376071,25.61490958,28.99234673,33.45593501,36.99487856,36.99487856,42.95210132,42.95210132,42.95210132,50.01229775,50.01229775,50.01229775,35.18855913,35.18855913,24.39847916,24.39847916,50.01229775,42.95210132,42.95210132,56.81814428,56.81814428
3,19,40,70,65.99967034,59.07361829,60.1274821,53.90369769,53.90369769,37.32169118,37.32169118,40.75796569,25.34757979,25.34757979,25.34757979,25.34757979,22.52629518,22.52629518,22.52629518,22.52629518,26.90242081,30.44490762,26.59916428,26.11854027,27.29982196,25.97582383,26.24212623,29.06035476,34.28547748,38.59761665,38.59761665,43.96523192,43.96523192,43.96523192,48.33276695,48.33276695,48.33276695,35.34768996,35.34768996,25.36829676,25.36829676,48.33276695,43.96523192,43.96523192,60.1274821,60.1274821
3,19,50,70,65.67576014,59.93332312,61.61790497,56.95607612,56.95607612,40.18171102,40.18171102,44.80828341,31.08282451,31.08282451,31.08282451,31.08282451,24.70808238,24.70808238,24.70808238,24.70808238,28.36589286,30.78622549,26.92438782,27.32516431,28.66833924,26.63376858,27.39610469,30.14953372,36.16745739,40.00662985,40.00662985,44.81881386,44.81881386,44.81881386,50.90439738,50.90439738,50.90439738,36.05010722,36.05010722,27.20884558,27.20884558,50.90439738,44.81881386,44.81881386,61.61790497,61.61790497
3,20,0,70,66.28143884,60.13768153,60.50745798,58.31846783,58.31846783,39.76680672,39.76680672,47.95757081,37.85840349,37.85840349,37.85840349,37.85840349,26.51863471,26.51863471,26.51863471,26.51863471,28.50646116,30.68723039,28.7157466,29.21946566,31.00529931,28.43437911,27.93470396,30.25029161,36.31553397,41.25064331,41.25064331,47.3469729,47.3469729,47.3469729,53.08715535,53.08715535,53.08715535,38.6507891,38.6507891,28.06153677,28.06153677,53.08715535,47.3469729,47.3469729,60.50745798,60.50745798
3,20,10,69.65625,66.58469485,60.84961319,61.19990764,59.56034234,59.56034234,43.08655535,43.08655535,50.25770425,44.17930169,44.17930169,44.17930169,44.17930169,29.26844146,29.26844146,29.26844146,29.26844146,32.50777615,34.21751665,30.3931604,30.95041071,32.32023827,30.22778672,30.05127818,31.84953924,37.15036849,43.81316936,43.81316936,48.23529548,48.23529548,48.23529548,52.52592269,52.52592269,52.52592269,39.20153705,39.20153705,28.63813651,28.63813651,52.52592269,48.23529548,48.23529548,61.19990764,61.19990764
3,20,20,70,66.22210463,60.96387138,59.74704768,57.57129151,57.57129151,42.70141807,42.70141807,50.67054739,47.44848839,47.44848839,47.44848839,47.44848839,33.66314549,33.66314549,33.66314549,33.66314549,33.37778711,35.11692927,31.84359636,32.25458487,33.81776018,30.11898517,29.53074078,31.13236086,36.73521776,43.97611819,43.97611819,48.05393094,48.05393094,48.05393094,52.40488662,52.40488662,52.40488662,38.71803859,38.71803859,29.45047995,29.45047995,52.40488662,48.05393094,48.05393094,59.74704768,59.74704768
3,20,30,70,67.65962482,62.54262062,60.05095997,58.91954915,58.91954915,48.45120798,48.45120798,53.89964597,51.20077923,51.20077923,51.20077923,51.20077923,39.42990372,39.42990372,39.42990372,39.42990372,42.61849682,41.17807315,36.1503274,35.78070471,37.45306451,33.31202003,30.8794257,32.29091906,38.93029197,45.72915148,45.72915148,51.05957983,51.05957983,51.05957983,54.03559878,54.03559878,54.03559878,41.60244924,41.60244924,30.31589611,30.31589611,54.03559878,51.05957983,51.05957983,60.05095997,60.05095997
3,20,40,70,68.92671507,62.73795099,59.91364936,59.64622969,59.64622969,54.37552521,54.37552521,56.22309368,54.79830437,54.79830437,54.79830437,54.79830437,46.23408105,46.23408105,46.23408105,46.23408105,58.8427556,56.45861111,41.82541533,42.80519927,45.792579,39.66945098,34.78971127,34.40647517,40.34415808,47.53929292,47.53929292,52.51439784,52.51439784,52.51439784,56.66577629,56.66577629,56.66577629,43.09145295,43.09145295,32.01771868,32.01771868,56.66577629,52.51439784,52.51439784,59.91364936,59.91364936
3,20,50,70,68.93517906,63.10822675,61.76785502,60.59009561,60.59009561,62.13739496,62.13739496,58.45955882,57.01866144,57.01866144,57.01866144,57.01866144,50.73553537,50.73553537,50.73553537,50.73553537,62.04922323,62.66792421,51.97576155,52.6863438,52.41334534,48.95047608,44.38230442,38.16333245,43.74514187,51.96435151,51.96435151,56.09429412,56.09429412,56.09429412,60.29992855,60.29992855,60.29992855,44.47105244,44.47105244,35.24193404,35.24193404,60.29992855,56.09429412,56.09429412,61.76785502,61.76785502
3,21,0,70,68.79784305,62.9811217,62.20813174,61.15166853,61.15166853,64.66596639,64.66596639,59.55856481,58.64484512,58.64484512,58.64484512,58.64484512,52.02515317,52.02515317,52.02515317,52.02515317,61.22289566,61.90882703,57.48164283,60.21644572,59.90459514,55.64010751,50.9183186,40.96401216,45.87969934,56.34732349,56.34732349,58.45045763,58.45045763,58.45045763,62.01655653,62.01655653,62.01655653,50.67524489,50.67524489,38.07727267,38.07727267,62.01655653,58.45045763,58.45045763,62.20813174,62.20813174
3,21,10,70,68.54763525,63.38234403,62.22445039,61.31151833,61.31151833,62.92105509,62.92105509,59.73831245,58.62179142,58.62179142,58.62179142,58.62179142,53.33323258,53.33323258,53.33323258,53.33323258,61.47436897,61.83859848,58.72555039,62.41272566,63.44558357,59.56304528,54.61379922,43.18750682,48.67805662,59.67254895,59.67254895,61.14289952,61.14289952,61.14289952,64.00386385,64.00386385,64.00386385,55.21600278,55.21600278,41.81879982,41.81879982,64.00386385,61.14289952,61.14289952,62.22445039,62.22445039
3,21,20,70,68.66861921,63.38762588,61.7259414,60.34920288,60.34920288,60.73476891,60.73476891,58.86049837,57.37239682,57.37239682,57.37239682,57.37239682,53.3060014,53.3060014,53.3060014,53.3060014,60.46195728,61.21526611,58.20725453,61.24396663,61.72259106,59.35919402,53.72080116,42.93448028,48.85922119,60.72191832,60.72191832,62.15391195,62.15391195,62.15391195,65.02692369,65.02692369,65.02692369,56.40294116,56.40294116,45.85688593,45.85688593,65.02692369,62.15391195,62.15391195,61.7259414,61.7259414
3,21,30,70,68.74130997,62.83993528,60.9263369,60.5100283,60.5100283,62.96638655,62.96638655,58.98638344,58.46929619,58.46929619,58.46929619,58.46929619,53.82364953,53.82364953,53.82364953,53.82364953,61.25113796,61.44269841,58.48324187,61.97863349,60.46127486,58.10584454,54.11199729,44.32775525,49.98848281,62.45159433,62.45159433,63.1827528,63.1827528,63.1827528,65.98083189,65.98083189,65.98083189,60.73509717,60.73509717,47.59510816,47.59510816,65.98083189,63.1827528,63.1827528,60.9263369,60.9263369
3,21,40,70,68.78795272,62.36089921,59.76625446,60.1670045,60.1670045,65.50759804,65.50759804,60.80923203,58.9673182,58.9673182,58.9673182,58.9673182,53.07315828,53.07315828,53.07315828,53.07315828,60.35563921,61.08985867,58.54767362,61.93981657,61.33437774,61.38512638,55.07298391,44.79580681,50.2997836,62.30964737,62.30964737,64.33428459,64.33428459,64.33428459,67.13274344,67.13274344,67.13274344,61.95446257,61.95446257,49.8697787,49.8697787,67.13274344,64.33428459,64.33428459,59.76625446,59.76625446
3,21,50,70,69.1745975,63.10473289,61.06668126,61.19234698,61.19234698,66.69695378,66.69695378,62.07380174,60.49183464,60.49183464,60.49183464,60.49183464,53.96627166,53.96627166,53.96627166,53.96627166,61.00167484,61.66568627,59.56865785,63.36232376,63.24303915,60.25597671,55.8460351,46.41059305,50.21431025,61.93569525,61.93569525,64.49296476,64.49296476,64.49296476,67.12666849,67.12666849,67.12666849,62.96610123,62.96610123,52.91043466,52.91043466,67.12666849,64.49296476,64.49296476,61.06668126,61.06668126
3,22,0,70,69.05570195,63.99797637,63.9365706,63.61295206,63.61295206,66.46224323,66.46224323,62.06391612,60.73708344,60.73708344,60.73708344,60.73708344,54.99540063,54.99540063,54.99540063,54.99540063,61.96110294,62.57764706,60.51971086,63.99574951,63.38091342,61.23417594,56.15331861,47.08205682,52.15155225,63.85301585,63.85301585,65.57375713,65.57375713,65.57375713,67.99651432,67.99651432,67.99651432,63.30710855,63.30710855,55.07206368,55.07206368,67.99651432,65.57375713,65.57375713,63.9365706,63.9365706
3,22,10,70,69.04464141,63.99910157,63.72120098,63.29851645,63.29851645,65.585405,65.585405,61.15137073,60.11931247,60.11931247,60.11931247,60.11931247,54.22517423,54.22517423,54.22517423,54.22517423,60.65167367,61.35483543,61.21513076,65.32244496,64.28181231,63.65597666,55.51411349,45.67937254,51.59582043,63.00388042,63.00388042,64.60529032,64.60529032,64.60529032,67.05550229,67.05550229,67.05550229,63.34418113,63.34418113,56.1410429,56.1410429,67.05550229,64.60529032,64.60529032,63.72120098,63.72120098
3,22,20,70,69.18535856,63.68441983,62.83415882,63.03772317,63.03772317,66.32886905,66.32886905,60.94467593,60.41482277,60.41482277,60.41482277,60.41482277,53.73230545,53.73230545,53.73230545,53.73230545,61.44227941,61.74865196,61.39359415,66.02375323,65.46100572,63.63059879,57.69443949,45.1818031,51.11351822,63.11732772,63.11732772,63.61681701,63.61681701,63.61681701,66.84530326,66.84530326,66.84530326,63.90883715,63.90883715,56.36754202,56.36754202,66.84530326,63.61681701,63.61681701,62.83415882,62.83415882
3,22,30,70,69.21284833,64.27453009,64.11156417,64.25332207,64.25332207,66.59565076,66.59565076,61.34361383,60.82142676,60.82142676,60.82142676,60.82142676,54.14628709,54.14628709,54.14628709,54.14628709,61.25447443,62.19569175,62.01690554,66.32706356,65.67142832,67.64401249,61.40766798,47.47539374,52.4216709,65.73724202,65.73724202,64.15076391,64.15076391,64.15076391,67.32643102,67.32643102,67.32643102,67.28485279,67.28485279,59.00752801,59.00752801,67.32643102,64.15076391,64.15076391,64.11156417,64.11156417
3,22,40,70,69.2965469,64.32580453,64.29017194,64.27340576,64.27340576,66.83096989,66.83096989,60.90849673,60.94552336,60.94552336,60.94552336,60.94552336,54.29309932,54.29309932,54.29309932,54.29309932,60.8330077,62.1405077,62.84909949,66.67404307,65.93186916,67.08342148,61.94922595,48.98071724,53.65017975,66.96874518,66.96874518,64.21375403,64.21375403,64.21375403,66.73832857,66.73832857,66.73832857,65.96136662,65.96136662,59.95010099,59.95010099,66.73832857,64.21375403,64.21375403,64.29017194,64.29017194
3,22,50,70,69.25448921,64.43712517,64.3852904,64.51048651,64.51048651,67.01633403,67.01633403,61.97446895,61.08989824,61.08989824,61.08989824,61.08989824,56.03723781,56.03723781,56.03723781,56.03723781,61.12971104,62.76782761,64.22683943,68.19905037,68.07788091,67.60939788,62.97690486,50.68041359,55.45014332,67.7789809,67.7789809,65.41214431,65.41214431,65.41214431,67.7290692,67.7290692,67.7290692,66.08605811,66.08605811,61.26012942,61.26012942,67.7290692,65.41214431,65.41214431,64.3852904,64.3852904
3,23,0,70,69.45161453,64.16768419,62.63514,63.63008854,63.63008854,66.30934874,66.30934874,61.92361111,62.12764377,62.12764377,62.12764377,62.12764377,56.51275757,56.51275757,56.51275757,56.51275757,59.74803255,61.00677521,64.55888591,68.71899626,68.95051936,68.18780428,63.97666064,52.49084791,56.91479693,68.62409838,68.62409838,66.36944727,66.36944727,66.36944727,68.4353946,68.4353946,68.4353946,67.82713283,67.82713283,62.30353482,62.30353482,68.4353946,66.36944727,66.36944727,62.63514,62.63514
3,23,10,70,69.48134177,63.73604773,62.56942402,64.05759914,64.05759914,66.35819328,66.35819328,62.20547386,62.70014192,62.70014192,62.70014192,62.70014192,56.3709607,56.3709607,56.3709607,56.3709607,62.06265783,62.86438137,64.7229973,68.87207445,69.06520762,68.40798095,63.65086058,52.25748551,57.00122101,68.39399981,68.39399981,66.64567629,66.64567629,66.64567629,68.56549867,68.56549867,68.56549867,67.81464229,67.81464229,62.0060134,62.0060134,68.56549867,66.64567629,66.64567629,62.56942402,62.56942402
3,23,20,70,69.29277319,64.41732516,63.83208742,64.60286969,64.60286969,66.59407096,66.59407096,63.02401053,63.35923256,63.35923256,63.35923256,63.35923256,56.65429499,56.65429499,56.65429499,56.65429499,62.45823704,63.57762021,64.76924756,68.63128357,68.80355909,68.24590508,63.8712353,52.62883315,57.10416477,68.12280559,68.12280559,65.92836604,65.92836604,65.92836604,67.59914617,67.59914617,67.59914617,67.58727357,67.58727357,62.06509495,62.06509495,67.59914617,65.92836604,65.92836604,63.83208742,63.83208742
3,23,30,70,69.23966851,64.64216111,64.62226864,65.06054829,65.06054829,65.72739096,65.72739096,61.90155229,63.57281922,63.57281922,63.57281922,63.57281922,56.40901626,56.40901626,56.40901626,56.40901626,63.04181211,64.28111383,65.04887303,68.65700761,68.66256834,68.58836856,63.98918842,53.0599799,57.26017434,67.13124041,67.13124041,65.67927416,65.67927416,65.67927416,67.33606692,67.33606692,67.33606692,65.52367004,65.52367004,61.04976391,61.04976391,67.33606692,65.67927416,65.67927416,64.62226864,64.62226864
3,23,40,70,69.09520672,64.90183218,64.54035762,65.0572338,65.0572338,67.4245098,67.4245098,62.72679739,63.58183374,63.58183374,63.58183374,63.58183374,56.07156672,56.07156672,56.07156672,56.07156672,61.66986327,62.87575303,65.34808121,69.07736158,69.20302935,68.41754752,64.77691423,53.5612083,57.44708203,68.28741949,68.28741949,67.54207994,67.54207994,67.54207994,68.45827731,68.45827731,68.45827731,66.66380551,66.66380551,61.8318983,61.8318983,68.45827731,67.54207994,67.54207994,64.54035762,64.54035762
3,23,50,70,69.26082332,64.66128326,64.98668433,65.3020083,65.3020083,66.80619748,66.80619748,62.74722806,63.58506416,63.58506416,63.58506416,63.58506416,55.89661696,55.89661696,55.89661696,55.89661696,61.86088564,62.78984125,65.27146404,68.9353394,69.06322074,68.60952484,65.04165387,54.26307153,57.6145167,68.79198987,68.79198987,68.25001338,68.25001338,68.25001338,68.93176771,68.93176771,68.93176771,64.91015733,64.91015733,62.7933784,62.7933784,68.93176771,68.25001338,68.25001338,64.98668433,64.98668433
4,0,0,70,69.21977953,65.13549014,65.08585859,65.50876339,65.50876339,66.93319911,66.93319911,62.36560458,63.71121218,63.71121218,63.71121218,63.71121218,56.79695756,56.79695756,56.79695756,56.79695756,62.11090462,63.50158633,65.38993823,69.07637986,69.28041751,68.96918115,65.50642989,54.75657764,57.74141214,68.80972306,68.80972306,68.93631531,68.93631531,68.93631531,69.36209079,69.36209079,69.36209079,64.73724797,64.73724797,62.6464064,62.6464064,69.36209079,68.93631531,68.93631531,65.08585859,65.08585859
4,0,10,70,69.3836136,64.93716714,64.81800728,65.38682485,65.38682485,67.24619514,67.24619514,62.62383805,63.64793936,63.64793936,63.64793936,63.64793936,56.86216785,56.86216785,56.86216785,56.86216785,62.73207369,64.05460116,65.52207536,69.21833812,69.32921506,68.75376057,65.70049972,54.66481732,57.69534831,68.8180894,68.8180894,68.84875011,68.84875011,68.84875011,69.48388017,69.48388017,69.48388017,67.18220509,67.18220509,62.58498273,62.58498273,69.48388017,68.84875011,68.84875011,64.81800728,64.81800728
4,0,20,70,69.13842053,64.72807274,64.77565227,65.46749306,65.46749306,66.94563659,66.94563659,62.1725996,63.36723572,63.36723572,63.36723572,63.36723572,56.42338268,56.42338268,56.42338268,56.42338268,61.4000517,63.73443044,65.4294342,68.85326157,69.02784936,68.71074293,65.52071124,54.58949734,57.99016117,68.93649984,68.93649984,68.9861257,68.9861257,68.9861257,69.49534629,69.49534629,69.49534629,64.51812713,64.51812713,62.51502557,62.51502557,69.49534629,68.9861257,68.9861257,64.77565227,64.77565227
4,0,30,70,69.25484188,65.04883933,64.74725591,65.39310905,65.39310905,66.38762255,66.38762255,62.15280501,63.75184161,63.75184161,63.75184161,63.75184161,56.69375589,56.69375589,56.69375589,56.69375589,61.7996355,63.49871638,65.40598166,68.92752732,68.94430609,68.64934111,65.53508396,54.85441501,57.66784503,68.54251293,68.54251293,68.53214591,68.53214591,68.53214591,69.24840037,69.24840037,69.24840037,65.09008067,65.09008067,62.7532733,62.7532733,69.24840037,68.53214591,68.53214591,64.74725591,64.74725591
4,0,40,70,69.21523157,65.33149536,65.22926587,65.52179701,65.52179701,65.33965336,65.33965336,61.3067402,63.68962966,63.68962966,63.68962966,63.68962966,56.29528636,56.29528636,56.29528636,56.29528636,61.51095983,63.66099141,65.40799916,68.72337955,68.64930799,68.45264131,65.04589364,54.43689142,57.68089876,68.57005182,68.57005182,68.48193665,68.48193665,68.48193665,69.04720918,69.04720918,69.04720918,65.51789406,65.51789406,62.32781583,62.32781583,69.04720918,68.48193665,68.48193665,65.22926587,65.22926587
4,0,50,70,69.29474131,65.16008134,65.07730058,65.8237677,65.8237677,66.27027311,66.27027311,61.76808279,63.68964158,63.68964158,63.68964158,63.68964158,56.15079488,56.15079488,56.15079488,56.15079488,60.87105058,62.60880825,65.05059388,68.62809629,68.91830691,68.46500401,65.59002214,55.18800068,57.82620593,68.51864549,68.51864549,68.54894632,68.54894632,68.54894632,69.25504685,69.25504685,69.25504685,64.09454287,64.09454287,62.15503174,62.15503174,69.25504685,68.54894632,68.54894632,65.07730058,65.07730058
4,1,0,70,69.2317894,65.09113291,64.4563904,65.06655642,65.06655642,67.44432773,67.44432773,62.61785131,63.48573046,63.48573046,63.48573046,63.48573046,56.41018614,56.41018614,56.41018614,56.41018614,61.36473798,63.12326389,65.3794611,68.83686063,68.92247197,68.43438422,65.50718589,55.39856244,57.87748483,68.32274661,68.32274661,68.79657047,68.79657047,68.79657047,69.44630428,69.44630428,69.44630428,63.7716907,63.7716907,62.35664042,62.35664042,69.44630428,68.79657047,68.79657047,64.4563904,64.4563904
4,1,10,70,69.24790779,65.10567466,64.98708408,65.7353361,65.7353361,66.17366947,66.17366947,60.81038943,63.23699907,63.23699907,63.23699907,63.23699907,56.04641851,56.04641851,56.04641851,56.04641851,61.25857843,63.0867793,64.94207396,68.65247522,68.69296368,67.64048967,65.07087505,54.66389086,57.43419595,68.0914663,68.0914663,68.5733926,68.5733926,68.5733926,69.31882947,69.31882947,69.31882947,66.85950771,66.85950771,62.47207237,62.47207237,69.31882947,68.5733926,68.5733926,64.98708408,64.98708408
4,1,20,70,69.184933,65.07267028,64.95514706,65.63966844,65.63966844,65.24658613,65.24658613,61.34089052,63.63197009,63.63197009,63.63197009,63.63197009,56.26011614,56.26011614,56.26011614,56.26011614,61.07467881,62.79079985,65.15355129,68.62051931,68.87018706,68.31290572,65.16493853,54.81251672,57.68064712,67.9516708,67.9516708,68.26786763,68.26786763,68.26786763,68.99452795,68.99452795,68.99452795,66.26302048,66.26302048,61.93280326,61.93280326,68.99452795,68.26786763,68.26786763,64.95514706,64.95514706
4,1,30,70,69.27755964,65.38314818,65.25648953,65.47176639,65.47176639,66.57380952,66.57380952,61.63732298,63.52014915,63.52014915,63.52014915,63.52014915,55.84469577,55.84469577,55.84469577,55.84469577,60.85419151,62.59027149,64.55323882,68.15831089,68.38843398,67.64479292,64.5397009,54.95416964,57.55593905,67.63361077,67.63361077,67.98608525,67.98608525,67.98608525,68.97381403,68.97381403,68.97381403,63.8933694,63.8933694,61.89236808,61.89236808,68.97381403,67.98608525,67.98608525,65.25648953,65.25648953
4,1,40,70,69.0677377,65.381587,65.24000297,65.46557507,65.46557507,66.44537815,66.44537815,61.93178105,63.49081323,63.49081323,63.49081323,63.49081323,55.58929675,55.58929675,55.58929675,55.58929675,60.47969704,62.43362175,64.83643647,68.11325647,68.65892976,67.82030316,64.67062897,54.88040581,57.20875578,68.14100569,68.14100569,68.1732077,68.1732077,68.1732077,69.22126208,69.22126208,69.22126208,64.45920543,64.45920543,60.86861585,60.86861585,69.22126208,68.1732077,68.1732077,65.24000297,65.24000297
4,1,50,70,69.12627072,65.71869358,65.22320004,64.99568684,64.99568684,66.43236044,66.43236044,61.65165538,63.3256993,63.3256993,63.3256993,63.3256993,55.46572847,55.46572847,55.46572847,55.46572847,59.85854828,61.6663068,64.24867163,67.77321983,68.07648188,67.86243768,64.72110855,54.77795287,57.41433105,67.4797662,67.4797662,68.18011118,68.18011118,68.18011118,69.05276244,69.05276244,69.05276244,66.30543518,66.30543518,60.17402804,60.17402804,69.05276244,68.18011118,68.18011118,65.22320004,65.22320004
4,2,0,70,69.18376927,65.24788869,65.03880758,65.68145017,65.68145017,65.96192985,65.96192985,61.4445792,63.40378834,63.40378834,63.40378834,63.40378834,54.9762715,54.9762715,54.9762715,54.9762715,59.53057082,62.22579365,64.3262823,67.98973803,68.59151664,67.0664796,65.10319498,54.75929394,57.1062138,67.33038234,67.33038234,67.86871371,67.86871371,67.86871371,68.96814812,68.96814812,68.96814812,65.77801127,65.77801127,60.16034071,60.16034071,68.96814812,67.86871371,67.86871371,65.03880758,65.03880758
4,2,10,70,68.84134764,65.46001905,65.42844808,65.52028745,65.52028745,67.02405712,67.02405712,63.84094669,63.87513835,63.87513835,63.87513835,63.87513835,55.15903,55.15903,55.15903,55.15903,59.96854575,62.44056373,64.50261683,68.11463251,68.25948785,67.98217114,64.75066029,54.44457105,57.22672875,67.66534601,67.66534601,68.287716,68.287716,68.287716,69.24418457,69.24418457,69.24418457,64.59710953,64.59710953,60.11973924,60.11973924,69.24418457,68.287716,68.287716,65.42844808,65.42844808
4,2,20,70,69.07102355,65.59931527,65.43079323,65.60017974,65.60017974,66.65231092,66.65231092,62.14387766,63.5724029,63.5724029,63.5724029,63.5724029,54.66363826,54.66363826,54.66363826,54.66363826,59.36466481,61.16626184,63.92430756,67.67032065,68.08913236,67.29274568,64.42340678,54.46227509,56.9112483,67.2111332,67.2111332,67.95195334,67.95195334,67.95195334,69.08379634,69.08379634,69.08379634,64.22213259,64.22213259,60.80986596,60.80986596,69.08379634,67.95195334,67.95195334,65.43079323,65.43079323
4,2,30,70,68.61389211,65.11451092,64.98696153,65.11631069,65.11631069,66.26759454,66.26759454,60.95436581,63.14626793,63.14626793,63.14626793,63.14626793,54.68015399,54.68015399,54.68015399,54.68015399,59.93705065,61.92673611,63.93320373,67.88706183,68.33454561,67.51152065,64.40771925,54.34107798,56.95662813,67.58979447,67.58979447,67.85989842,67.85989842,67.85989842,68.82082139,68.82082139,68.82082139,64.33082879,64.33082879,60.33762955,60.33762955,68.82082139,67.85989842,67.85989842,64.98696153,64.98696153
4,2,40,70,69.11853992,65.67532765,65.11463904,64.82265173,64.82265173,65.6950747,65.6950747,59.02860385,62.26017307,62.26017307,62.26017307,62.26017307,54.63912569,54.63912569,54.63912569,54.63912569,59.76111829,61.0979151,63.80559164,67.88460204,68.23819921,67.41810269,64.54553173,54.35849396,56.82898272,67.56418919,67.56418919,68.28953145,68.28953145,68.28953145,69.17868506,69.17868506,69.17868506,66.03392777,66.03392777,60.740045,60.740045,69.17868506,68.28953145,68.28953145,65.11463904,65.11463904
4,2,50,70,68.6092264,65.57386844,65.53399807,65.06660247,65.06660247,65.66751284,65.66751284,60.24244281,62.37026415,62.37026415,62.37026415,62.37026415,54.53101256,54.53101256,54.53101256,54.53101256,59.65517915,61.28175187,63.58406123,67.50384118,67.74806438,66.88332577,63.60923495,53.96042577,56.74379741,66.89412479,66.89412479,67.56816128,67.56816128,67.56816128,68.88801571,68.88801571,68.88801571,62.80561837,62.80561837,60.47068662,60.47068662,68.88801571,67.56816128,67.56816128,65.53399807,65.53399807
4,3,0,70,68.93217519,65.66993835,65.27605281,65.07684524,65.07684524,66.10819328,66.10819328,62.00653595,62.59172522,62.59172522,62.59172522,62.59172522,54.70163181,54.70163181,54.70163181,54.70163181,60.0191555,61.28745615,63.22173305,66.94703413,67.63579412,67.42187105,63.52084374,53.90855096,56.62116581,66.40727879,66.40727879,67.36825474,67.36825474,67.36825474,68.98244518,68.98244518,68.98244518,63.01961207,63.01961207,60.40082785,60.40082785,68.98244518,67.36825474,67.36825474,65.27605281,65.27605281
4,3,10,70,69.15313209,65.85846147,65.40138146,65.61292951,65.61292951,66.43256886,66.43256886,61.78586147,62.76297671,62.76297671,62.76297671,62.76297671,54.02214694,54.02214694,54.02214694,54.02214694,58.26992274,60.20673414,62.81736215,66.64612618,67.04550961,65.56478431,62.26167577,52.88902843,55.95769775,65.99024627,65.99024627,67.24299112,67.24299112,67.24299112,68.57653661,68.57653661,68.57653661,63.49045454,63.49045454,60.52355178,60.52355178,68.57653661,67.24299112,67.24299112,65.40138146,65.40138146
4,3,20,70,69.20331857,66.41169586,65.99128231,65.95393324,65.95393324,65.38287815,65.38287815,61.64208878,63.06327684,63.06327684,63.06327684,63.06327684,53.81211322,53.81211322,53.81211322,53.81211322,58.994993,59.63064115,62.64883457,66.32640852,66.979115,65.56200291,62.39138921,53.66963843,56.32794919,65.8065639,65.8065639,67.28204536,67.28204536,67.28204536,68.82288219,68.82288219,68.82288219,63.435487,63.435487,60.25516976,60.25516976,68.82288219,67.28204536,67.28204536,65.99128231,65.99128231
4,3,30,70,69.06372636,66.53809906,66.35211119,65.73571078,65.73571078,65.25568978,65.25568978,60.97769608,63.27738216,63.27738216,63.27738216,63.27738216,53.9924456,53.9924456,53.9924456,53.9924456,59.23381186,60.70719246,62.85227496,66.60810438,66.92580557,66.07675064,63.10165399,53.13929177,55.96925444,65.97085106,65.97085106,67.16370036,67.16370036,67.16370036,68.76187674,68.76187674,68.76187674,64.06874049,64.06874049,60.43600987,60.43600987,68.76187674,67.16370036,67.16370036,66.35211119,66.35211119
4,3,40,70,68.92751199,66.57854066,66.02340501,65.93647876,65.93647876,64.1825105,64.1825105,60.51021242,63.05425012,63.05425012,63.05425012,63.05425012,53.88160405,53.88160405,53.88160405,53.88160405,57.83578274,59.60739693,62.45292311,66.25666368,66.94711084,65.9258496,62.29638005,52.10438894,55.30972395,65.76639524,65.76639524,66.88351958,66.88351958,66.88351958,68.53443054,68.53443054,68.53443054,62.84556822,62.84556822,60.33027603,60.33027603,68.53443054,66.88351958,66.88351958,66.02340501,66.02340501
4,3,50,70,69.31333253,66.38334612,66.00166555,65.82145191,65.82145191,64.37111928,64.37111928,61.15409405,62.37069621,62.37069621,62.37069621,62.37069621,54.20885952,54.20885952,54.20885952,54.20885952,59.19045217,60.53146525,62.59518793,66.21761441,66.56099565,65.07326069,62.03880785,52.49801238,54.9831226,65.23058769,65.23058769,66.66821774,66.66821774,66.66821774,68.42137021,68.42137021,68.42137021,65.31204748,65.31204748,60.35728908,60.35728908,68.42137021,66.66821774,66.66821774,66.00166555,66.00166555
4,4,0,70,69.02352647,66.26575981,65.84615697,65.45094338,65.45094338,64.5143871,64.5143871,59.7990639,62.57249815,62.57249815,62.57249815,62.57249815,52.73894806,52.73894806,52.73894806,52.73894806,57.27927905,58.83633797,61.31065221,65.26264175,66.13911432,65.18489582,61.96242395,52.15058676,54.44936568,64.44961192,64.44961192,65.81453812,65.81453812,65.81453812,68.15461105,68.15461105,68.15461105,63.36894559,63.36894559,59.51676353,59.51676353,68.15461105,65.81453812,65.81453812,65.84615697,65.84615697
4,4,10,70,69.1044597,66.29067336,65.83610183,65.61737979,65.61737979,66.19031863,66.19031863,62.29553766,62.50601409,62.50601409,62.50601409,62.50601409,53.41916622,53.41916622,53.41916622,53.41916622,59.0251827,60.09632241,62.40573468,66.00128872,66.6744454,65.02080543,60.83392073,51.93139191,54.21788484,63.28989396,63.28989396,66.42996491,66.42996491,66.42996491,68.4013907,68.4013907,68.4013907,62.3227904,62.3227904,59.78970759,59.78970759,68.4013907,66.42996491,66.42996491,65.83610183,65.83610183
4,4,20,70,68.67606412,65.41775326,64.60611074,64.96547522,64.96547522,65.86718021,65.86718021,62.32966594,62.53525488,62.53525488,62.53525488,62.53525488,52.25704114,52.25704114,52.25704114,52.25704114,58.54942496,60.07169118,61.2843336,64.93116848,65.53412272,63.91691983,61.0312538,51.37623508,53.25224853,63.62612506,63.62612506,65.80393062,65.80393062,65.80393062,68.21643541,68.21643541,68.21643541,63.41489963,63.41489963,59.83218204,59.83218204,68.21643541,65.80393062,65.80393062,64.60611074,64.60611074
4,4,30,70,68.11764914,65.98906343,65.44362559,65.38054534,65.38054534,64.78834034,64.78834034,61.88664216,62.66605683,62.66605683,62.66605683,62.66605683,52.54827747,52.54827747,52.54827747,52.54827747,56.29947023,58.32338352,61.32966396,65.14495081,65.46032183,64.47416397,60.92018249,51.36564027,53.9445482,63.7315948,63.7315948,66.03545211,66.03545211,66.03545211,68.31590155,68.31590155,68.31590155,62.34367229,62.34367229,59.88655162,59.88655162,68.31590155,66.03545211,66.03545211,65.44362559,65.44362559
4,4,40,70,68.66996703,65.48669929,64.85734737,64.78235294,64.78235294,65.42620798,65.42620798,62.17283002,62.27705855,62.27705855,62.27705855,62.27705855,53.56203945,53.56203945,53.56203945,53.56203945,58.00814008,60.0332155,61.96064068,65.63207258,65.82470317,65.07194986,61.48074645,51.91271877,54.41748925,64.45118393,64.45118393,66.68104814,66.68104814,66.68104814,68.67664939,68.67664939,68.67664939,64.61050077,64.61050077,60.84265718,60.84265718,68.67664939,66.68104814,66.68104814,64.85734737,64.85734737
4,4,50,70,68.59156612,64.97166618,63.6789587,63.17643541,63.17643541,65.44459034,65.44459034,61.83434096,61.55831002,61.55831002,61.55831002,61.55831002,54.00354134,54.00354134,54.00354134,54.00354134,57.48908214,60.36578997,62.39987684,65.98770079,66.51054327,65.41725744,61.42502118,52.16969487,55.07323395,64.49104203,64.49104203,66.80043425,66.80043425,66.80043425,68.49972847,68.49972847,68.49972847,62.47681197,62.47681197,61.13766529,61.13766529,68.49972847,66.80043425,66.80043425,63.6789587,63.6789587
4,5,0,70,68.55289978,64.93020515,63.91569001,64.70258474,64.70258474,64.59801671,64.59801671,61.73094655,61.68517906,61.68517906,61.68517906,61.68517906,53.55736634,53.55736634,53.55736634,53.55736634,56.79206731,59.57673117,62.53820596,66.18793499,66.47076752,65.59019003,61.97989009,52.19604068,54.44759478,64.25519352,64.25519352,66.81702348,66.81702348,66.81702348,68.54099751,68.54099751,68.54099751,62.92811052,62.92811052,60.89160539,60.89160539,68.54099751,66.81702348,66.81702348,63.91569001,63.91569001
4,5,10,70,69.16030043,64.88705437,63.82055853,64.503247,64.503247,65.04758987,65.04758987,61.58614742,62.00607233,62.00607233,62.00607233,62.00607233,54.51559393,54.51559393,54.51559393,54.51559393,59.13929926,60.83741044,63.55033817,67.14914336,67.37837546,66.38656938,62.57158563,51.86447729,55.13340619,66.05580413,66.05580413,67.52009104,67.52009104,67.52009104,68.86139423,68.86139423,68.86139423,65.7488833,65.7488833,61.88356145,61.88356145,68.86139423,67.52009104,67.52009104,63.82055853,63.82055853
4,5,20,70,68.71948201,64.60676884,63.67156067,64.48216084,64.48216084,65.18408613,65.18408613,62.55310458,61.89814995,61.89814995,61.89814995,61.89814995,54.82508401,54.82508401,54.82508401,54.82508401,58.18305457,60.32602551,63.59337687,67.290719,67.6054298,66.94284691,62.8056504,52.0104615,55.41002077,65.93882741,65.93882741,67.67721332,67.67721332,67.67721332,69.01312813,69.01312813,69.01312813,66.19734945,66.19734945,62.15046009,62.15046009,69.01312813,67.67721332,67.67721332,63.67156067,63.67156067
4,5,30,70,68.65672155,65.10338946,64.04417149,64.57915452,64.57915452,64.5782563,64.5782563,61.3188317,60.98839375,60.98839375,60.98839375,60.98839375,54.76163697,54.76163697,54.76163697,54.76163697,58.56202924,60.11409791,63.18442739,67.09616874,67.44388707,67.20604542,62.73718808,52.36158587,55.48031318,66.4168216,66.4168216,67.95249747,67.95249747,67.95249747,69.21134402,69.21134402,69.21134402,67.47442968,67.47442968,62.22206294,62.22206294,69.21134402,67.95249747,67.95249747,64.04417149,64.04417149
4,5,40,70,68.96926582,64.97312065,64.28569147,65.19408547,65.19408547,65.74238445,65.74238445,61.98830338,61.80755012,61.80755012,61.80755012,61.80755012,55.12444248,55.12444248,55.12444248,55.12444248,58.97737736,60.9996034,63.71395946,67.42223972,67.68540398,67.68817184,63.21348494,52.36171682,56.25776587,67.0925448,67.0925448,68.32841794,68.32841794,68.32841794,69.35021455,69.35021455,69.35021455,67.56710976,67.56710976,62.73046344,62.73046344,69.35021455,68.32841794,68.32841794,64.28569147,64.28569147
4,5,50,70,68.60329325,64.94971438,63.7573418,64.59779522,64.59779522,64.24781162,64.24781162,61.17012268,62.23819665,62.23819665,62.23819665,62.23819665,55.27527115,55.27527115,55.27527115,55.27527115,58.41585087,60.38622124,63.45605918,67.27806893,67.7349783,67.0731544,62.56889172,52.35166981,56.0555516,66.50463285,66.50463285,67.87156352,67.87156352,67.87156352,68.89875541,68.89875541,68.89875541,65.11389049,65.11389049,62.6061842,62.6061842,68.89875541,67.87156352,67.87156352,63.7573418,63.7573418
4,6,0,70,68.63446072,64.82006462,64.07358697,64.45285064,64.45285064,65.51959034,65.51959034,62.01138344,62.22003199,62.22003199,62.22003199,62.22003199,55.51663219,55.51663219,55.51663219,55.51663219,58.84856151,60.18818277,63.91416963,67.8949391,68.10216949,67.49482366,62.11031238,52.18618466,56.30495519,66.70403973,66.70403973,68.34601526,68.34601526,68.34601526,69.23591063,69.23591063,69.23591063,65.17722164,65.17722164,62.28259581,62.28259581,69.23591063,68.34601526,68.34601526,64.07358697,64.07358697
4,6,10,70,69.08427188,64.89905117,64.19080511,64.20925742,64.20925742,64.01628151,64.01628151,61.39373638,62.00785397,62.00785397,62.00785397,62.00785397,55.86752287,55.86752287,55.86752287,55.86752287,59.93959224,61.12912484,64.06177608,67.97061234,68.28117745,67.83381495,62.43023641,52.05309842,56.47252768,67.30123279,67.30123279,68.41590923,68.41590923,68.41590923,69.08229596,69.08229596,69.08229596,64.40198258,64.40198258,62.16660574,62.16660574,69.08229596,68.41590923,68.41590923,64.19080511,64.19080511
4,6,20,70,69.27057048,65.15281332,64.49817609,64.60967191,64.60967191,64.8505077,64.8505077,61.49669118,61.90838004,61.90838004,61.90838004,61.90838004,56.15522347,56.15522347,56.15522347,56.15522347,59.29692699,59.9494052,63.87891176,67.94906256,68.29495917,67.46760312,62.45670106,51.44114982,56.05471223,66.88396655,66.88396655,67.42206988,67.42206988,67.42206988,68.33368567,68.33368567,68.33368567,64.78839119,64.78839119,60.82872707,60.82872707,68.33368567,67.42206988,67.42206988,64.49817609,64.49817609
4,6,30,70,69.50660174,64.96171829,64.3803346,64.0629913,64.0629913,64.8665091,64.8665091,61.85586874,61.63086168,61.63086168,61.63086168,61.63086168,56.77266641,56.77266641,56.77266641,56.77266641,61.04632547,61.05754941,64.36616085,68.40400119,68.54681904,68.05875609,62.27107131,51.73140208,56.73755737,67.37872112,67.37872112,68.67042984,68.67042984,68.67042984,69.46202917,69.46202917,69.46202917,64.91618972,64.91618972,58.44603918,58.44603918,69.46202917,68.67042984,68.67042984,64.3803346,64.3803346
4,6,40,70,69.35965131,64.79823232,64.30277035,63.62558183,63.62558183,65.2276669,65.2276669,61.37173203,61.36424153,61.36424153,61.36424153,61.36424153,56.74322527,56.74322527,56.74322527,56.74322527,61.43295499,61.17773304,64.17144016,68.34718398,68.5045319,68.25670431,62.00887695,50.53011167,55.52774246,65.10277595,65.10277595,66.68706009,66.68706009,66.68706009,68.1401247,68.1401247,68.1401247,63.32272442,63.32272442,43.50315693,43.50315693,68.1401247,66.68706009,66.68706009,64.30277035,64.30277035
4,6,50,70,69.50358819,64.69962452,64.38920455,63.56047408,63.56047408,63.16528361,63.16528361,60.22003774,61.14539471,61.14539471,61.14539471,61.14539471,56.57356968,56.57356968,56.57356968,56.57356968,61.87080734,61.52472891,63.88632789,68.05871528,68.81687377,68.06150045,58.8364273,49.47218248,54.81991491,62.23073264,62.23073264,65.15486307,65.15486307,65.15486307,65.94236593,65.94236593,65.94236593,55.09819374,55.09819374,27.47078287,27.47078287,65.94236593,65.15486307,65.15486307,64.38920455,64.38920455
4,7,0,70,69.5930869,64.53307555,64.20365947,63.54854093,63.54854093,63.81512605,63.81512605,60.32536765,61.01939208,61.01939208,61.01939208,61.01939208,56.75568051,56.75568051,56.75568051,56.75568051,61.2568296,60.5334597,62.91975193,66.95265057,68.44984442,67.15247096,57.374411,47.46953891,52.73645476,59.97102704,59.97102704,60.8052026,60.8052026,60.8052026,61.14111459,61.14111459,61.14111459,40.19194025,40.19194025,25.76758003,25.76758003,61.14111459,60.8052026,60.8052026,64.20365947,64.20365947
4,7,10,70,69.42112141,64.346526,64.0565324,62.47050836,62.47050836,61.15889625,61.15889625,55.14236111,57.44392653,57.44392653,57.44392653,57.44392653,54.98738714,54.98738714,54.98738714,54.98738714,59.01613831,57.67188914,56.67052815,59.46600952,64.58370016,61.02120222,49.24055736,43.91040978,48.52917088,52.75659435,52.75659435,51.65778989,51.65778989,51.65778989,53.73399544,53.73399544,53.73399544,30.11665922,30.11665922,24.02456983,24.02456983,53.73399544,51.65778989,51.65778989,64.0565324,64.0565324
4,7,20,70,69.38896597,64.02104215,63.72824133,61.83416323,61.83416323,57.16978291,57.16978291,51.40686275,56.47851621,56.47851621,56.47851621,56.47851621,53.42498117,53.42498117,53.42498117,53.42498117,50.74217357,47.04379492,49.5759906,51.17468604,59.10380026,55.8840503,41.90216296,38.96892329,44.19772703,44.84823978,44.84823978,43.45984823,43.45984823,43.45984823,47.37846244,47.37846244,47.37846244,24.75789155,24.75789155,21.1754742,21.1754742,47.37846244,43.45984823,43.45984823,63.72824133,63.72824133
4,7,30,70,69.27650842,63.43563407,62.86160131,61.3619043,61.3619043,49.97936508,49.97936508,48.59384013,54.99113626,54.99113626,54.99113626,54.99113626,53.58697812,53.58697812,53.58697812,53.58697812,51.88513072,47.70324171,50.06610011,51.77335448,56.77236353,58.40683746,41.79202004,36.24528246,39.8487708,40.75029735,40.75029735,38.24775721,38.24775721,38.24775721,38.111854,38.111854,38.111854,22.35220581,22.35220581,20.40553244,20.40553244,38.111854,38.24775721,38.24775721,62.86160131,62.86160131
4,7,40,70,69.21533744,63.1916201,61.30871164,58.90539968,58.90539968,40.74665616,40.74665616,45.37275327,53.05034282,53.05034282,53.05034282,53.05034282,53.94917465,53.94917465,53.94917465,53.94917465,52.97840803,49.602557,52.41005716,54.92933839,59.48547543,60.45789261,41.93855614,36.65895982,38.83827698,38.22214332,38.22214332,34.08910389,34.08910389,34.08910389,33.45901959,33.45901959,33.45901959,21.35860876,21.35860876,19.68179755,19.68179755,33.45901959,34.08910389,34.08910389,61.30871164,61.30871164
4,7,50,70,68.95773862,62.53595101,59.30149723,55.14846921,55.14846921,38.51313025,38.51313025,43.00740741,52.51384347,52.51384347,52.51384347,52.51384347,53.55955055,53.55955055,53.55955055,53.55955055,53.44884454,51.0797123,55.28072748,57.58395009,61.18109945,58.86634698,43.27614118,36.07660555,37.68006749,37.30064936,37.30064936,31.55841596,31.55841596,31.55841596,31.4348579,31.4348579,31.4348579,21.170899,21.170899,19.34106504,19.34106504,31.4348579,31.55841596,31.55841596,59.30149723,59.30149723
4,8,0,70,68.12324749,61.48877047,59.01205598,53.43819444,53.43819444,37.14865196,37.14865196,40.84711329,51.99561616,51.99561616,51.99561616,51.99561616,53.45984346,53.45984346,53.45984346,53.45984346,53.71144666,51.41673557,54.57285842,56.70747816,59.6904443,56.45309152,40.35604122,32.88747473,34.64281384,33.65436395,33.65436395,30.65080209,30.65080209,30.65080209,30.32373653,30.32373653,30.32373653,20.27014764,20.27014764,19.59311341,19.59311341,30.32373653,30.65080209,30.65080209,59.01205598,59.01205598
4,8,10,70,64.6905878,57.84499756,53.26796142,47.95398714,47.95398714,38.59112395,38.59112395,42.28238796,52.50399509,52.50399509,52.50399509,52.50399509,52.35217659,52.35217659,52.35217659,52.35217659,45.82941176,41.37698996,48.92197112,49.91619139,52.27897655,50.3628095,35.58800518,30.98616255,33.49424771,33.56430458,33.56430458,29.82343958,29.82343958,29.82343958,29.89150848,29.89150848,29.89150848,20.76191863,20.76191863,20.1444158,20.1444158,29.89150848,29.82343958,29.82343958,53.26796142,53.26796142
4,8,20,70,56.61941884,49.83292429,42.66725658,40.14618486,40.14618486,40.08455882,40.08455882,41.96906318,50.74430367,50.74430367,50.74430367,50.74430367,48.31031237,48.31031237,48.31031237,48.31031237,37.47473739,38.00019549,43.02969399,43.85276604,47.21112032,48.07747485,34.25844673,29.86414198,32.69627982,32.17933798,32.17933798,29.99232682,29.99232682,29.99232682,29.90786829,29.90786829,29.90786829,21.63695697,21.63695697,20.55711288,20.55711288,29.90786829,29.99232682,29.99232682,42.66725658,42.66725658
4,8,30,70,51.07251459,43.93892669,36.97145305,37.53780513,37.53780513,38.41237745,38.41237745,39.78472222,50.25654531,50.25654531,50.25654531,50.25654531,43.90497276,43.90497276,43.90497276,43.90497276,35.87788843,36.73418923,39.83404517,41.78164244,45.49057566,45.80134011,32.2745401,28.61924279,30.36594078,30.3111413,30.3111413,30.15402682,30.15402682,30.15402682,30.8646431,30.8646431,30.8646431,22.71651986,22.71651986,19.89203979,19.89203979,30.8646431,30.15402682,30.15402682,36.97145305,36.97145305
4,8,40,70,55.12271468,48.8424524,41.98459702,40.63637861,40.63637861,37.82969188,37.82969188,38.19750817,49.28906705,49.28906705,49.28906705,49.28906705,44.44176848,44.44176848,44.44176848,44.44176848,40.0381618,40.75703435,41.71084777,44.96925039,48.67113025,47.60406245,32.87831751,29.65143341,31.25849368,32.23995545,32.23995545,29.58958106,29.58958106,29.58958106,30.6472299,30.6472299,30.6472299,21.87300761,21.87300761,19.68683937,19.68683937,30.6472299,29.58958106,29.58958106,41.98459702,41.98459702
4,8,50,70,62.96736494,52.88195457,47.30091239,46.2150571,46.2150571,31.54833683,31.54833683,36.27308007,48.96432773,48.96432773,48.96432773,48.96432773,47.98389899,47.98389899,47.98389899,47.98389899,41.14401745,40.90446429,47.23145269,49.28102033,51.83231764,50.9411393,39.4892332,31.87896663,32.48923063,33.6655501,33.6655501,31.30674422,31.30674422,31.30674422,31.52916364,31.52916364,31.52916364,22.33187123,22.33187123,19.94920818,19.94920818,31.52916364,31.30674422,31.30674422,47.30091239,47.30091239
4,9,0,70,67.2150744,59.62288584,53.58471665,51.27605547,51.27605547,36.08473389,36.08473389,35.80407135,50.04468759,50.04468759,50.04468759,50.04468759,49.86155828,49.86155828,49.86155828,49.86155828,45.39945486,43.76243338,52.80195275,55.07560572,56.03821843,57.19620726,44.95976541,34.75141706,35.23173617,36.27053647,36.27053647,34.78748914,34.78748914,34.78748914,35.23571124,35.23571124,35.23571124,23.02195184,23.02195184,20.72018522,20.72018522,35.23571124,34.78748914,34.78748914,53.58471665,53.58471665
4,9,10,70,66.86163901,60.63066721,57.05138534,53.41728586,53.41728586,41.43331583,41.43331583,40.42406046,51.0488433,51.0488433,51.0488433,51.0488433,51.04257244,51.04257244,51.04257244,51.04257244,50.01688416,46.1344787,54.31254082,57.76925436,58.89037725,58.23740869,45.27632688,36.24270408,37.99451876,42.04638041,42.04638041,39.40199106,39.40199106,39.40199106,39.73341536,39.73341536,39.73341536,26.35809621,26.35809621,21.21545871,21.21545871,39.73341536,39.40199106,39.40199106,57.05138534,57.05138534
4,9,20,70,66.418019,58.60488434,54.88536817,51.6042692,51.6042692,41.97449813,41.97449813,41.20586874,51.81507633,51.81507633,51.81507633,51.81507633,51.77313703,51.77313703,51.77313703,51.77313703,56.50672348,52.96305147,56.29789245,59.97427694,59.86458295,58.15322765,46.86064619,37.42572833,39.41938585,45.40862354,45.40862354,43.13170153,43.13170153,43.13170153,44.20725018,44.20725018,44.20725018,27.9536085,27.9536085,22.71547909,22.71547909,44.20725018,43.13170153,43.13170153,54.88536817,54.88536817
4,9,30,70,67.20164994,58.01656721,50.85873295,47.61790506,47.61790506,39.5280112,39.5280112,43.02523602,52.1117204,52.1117204,52.1117204,52.1117204,52.22251262,52.22251262,52.22251262,52.22251262,52.50586081,48.61019671,55.89797537,60.33267076,60.50801125,58.26475432,48.25195777,38.71064133,39.50364236,45.71134173,45.71134173,43.24196,43.24196,43.24196,46.49868213,46.49868213,46.49868213,30.6489435,30.6489435,23.09584966,23.09584966,46.49868213,43.24196,43.24196,50.85873295,50.85873295
4,9,40,70,66.83293038,58.17803514,52.79677998,48.75407422,48.75407422,43.25709034,43.25709034,42.04009553,51.71788405,51.71788405,51.71788405,51.71788405,53.68433766,53.68433766,53.68433766,53.68433766,56.04140518,50.61350486,57.27316617,60.89848568,59.99381353,60.709385,50.96251784,39.35799075,39.36630807,46.07744626,46.07744626,47.8683492,47.8683492,47.8683492,50.12922217,50.12922217,50.12922217,33.05268634,33.05268634,22.79938557,22.79938557,50.12922217,47.8683492,47.8683492,52.79677998,52.79677998
4,9,50,70,67.79289992,61.1567448,59.46548203,55.9155734,55.9155734,43.2289916,43.2289916,40.87282135,50.96398404,50.96398404,50.96398404,50.96398404,54.38367031,54.38367031,54.38367031,54.38367031,59.08713752,57.86257586,59.7318677,64.73165132,63.68025526,63.11034863,55.75540647,41.80971938,42.27197834,52.06469128,52.06469128,50.41741921,50.41741921,50.41741921,51.9972257,51.9972257,51.9972257,34.15174672,34.15174672,23.2014808,23.2014808,51.9972257,50.41741921,50.41741921,59.46548203,59.46548203
4,10,0,70,68.80693278,63.35105741,62.89331767,61.53198207,61.53198207,45.807919,45.807919,40.51109296,51.52541748,51.52541748,51.52541748,51.52541748,54.08382201,54.08382201,54.08382201,54.08382201,59.18449755,58.15055147,58.26441507,63.88530873,63.75797279,64.52422032,58.17838972,44.80894521,47.22189323,56.3252195,56.3252195,55.06012531,55.06012531,55.06012531,56.76370119,56.76370119,56.76370119,38.10451941,38.10451941,27.35787296,27.35787296,56.76370119,55.06012531,55.06012531,62.89331767,62.89331767
4,10,10,70,68.84774296,63.2920819,63.16691687,61.69319315,61.69319315,50.74816176,50.74816176,44.38933824,52.20366878,52.20366878,52.20366878,52.20366878,53.34606242,53.34606242,53.34606242,53.34606242,58.252987,57.20012412,58.45163227,64.40468392,64.99470869,65.83119168,57.94325703,45.23862994,46.15078265,55.77750271,55.77750271,59.16259515,59.16259515,59.16259515,61.60888039,61.60888039,61.60888039,45.73112632,45.73112632,30.31215077,30.31215077,61.60888039,59.16259515,59.16259515,63.16691687,63.16691687
4,10,20,70,68.88614208,62.85890745,62.66819172,61.5599343,61.5599343,55.7388247,55.7388247,51.16119735,52.4589065,52.4589065,52.4589065,52.4589065,53.32167224,53.32167224,53.32167224,53.32167224,58.94080433,57.67223816,58.04326211,63.47448554,63.6863631,63.8740032,56.17887382,45.15269006,48.27827378,55.99231053,55.99231053,59.7680882,59.7680882,59.7680882,62.96970279,62.96970279,62.96970279,51.05589741,51.05589741,35.04988344,35.04988344,62.96970279,59.7680882,59.7680882,62.66819172,62.66819172
4,10,30,70,68.81949894,63.09353386,62.89866898,61.82912259,61.82912259,60.92784781,60.92784781,53.31021501,53.00964242,53.00964242,53.00964242,53.00964242,53.32274831,53.32274831,53.32274831,53.32274831,57.95753695,56.94528596,58.0728126,62.95094398,62.10847433,64.88035298,56.62364617,45.22456825,48.44957616,55.46263638,55.46263638,60.60343439,60.60343439,60.60343439,63.25619679,63.25619679,63.25619679,55.59053772,55.59053772,38.35878333,38.35878333,63.25619679,60.60343439,60.60343439,62.89866898,62.89866898
4,10,40,70,68.74621954,63.43710024,63.37335483,60.86684802,60.86684802,61.61252834,61.61252834,54.81118633,53.907532,53.907532,53.907532,53.907532,53.50851006,53.50851006,53.50851006,53.50851006,58.37213537,57.12773443,58.0044625,63.1247116,61.79943249,63.87485342,56.36698319,44.87795629,47.89718282,55.2714887,55.2714887,61.51733144,61.51733144,61.51733144,64.56669491,64.56669491,64.56669491,54.98566672,54.98566672,39.97692885,39.97692885,64.56669491,61.51733144,61.51733144,63.37335483,63.37335483
4,10,50,70,68.74520745,63.10092422,63.12709669,61.77872507,62.00329592,62.95028011,62.705007,55.09336874,54.96058228,54.00702169,54.00702169,54.00702169,53.60104331,53.60104331,53.60104331,53.66314976,58.1778747,57.60303925,58.63916432,63.63512946,62.53027121,64.26720061,57.34303458,44.64250213,47.76147036,56.88540651,60.11761487,62.63885433,62.63885433,62.12365828,64.99167779,66.17207894,66.17207894,57.8620383,59.45478692,45.27877746,41.91240209,66.17207894,62.63885433,62.63885433,63.18996697,63.18996697
4,11,0,70,68.88508489,63.39438183,63.18996697,62.00329592,61.91868087,60.20622666,62.95028011,55.47647513,54.00702169,53.27461195,53.27461195,53.27461195,53.84196161,53.84196161,53.84196161,53.60104331,56.56223955,56.03277316,59.16947369,64.21484895,62.80090195,63.3479893,57.62516901,45.42542907,48.68207721,60.11761487,59.22314797,62.90135864,62.90135864,62.63885433,66.17207894,66.40687625,66.40687625,59.45478692,62.08441255,45.84127211,45.27877746,66.40687625,62.90135864,62.90135864,63.0852463,63.0852463
4,11,10,70,68.62246199,63.2635379,63.0852463,61.91868087,61.99231916,58.57913165,60.20622666,55.05335421,53.27461195,51.8912259,51.8912259,51.8912259,54.18150243,54.18150243,54.18150243,53.84196161,56.77037789,56.43213384,59.2479419,64.18765247,62.69537686,64.27520042,57.96423479,45.64621061,48.94506382,59.22314797,55.89523721,61.42095198,61.42095198,62.90135864,66.40687625,64.83131149,64.83131149,62.08441255,61.17293591,44.46768031,45.84127211,64.83131149,61.42095198,61.42095198,63.03801248,63.03801248
4,11,20,70,68.98431773,63.32133677,63.03801248,61.99231916,61.69432962,58.54586835,58.57913165,53.5578386,51.8912259,50.947763,50.947763,50.947763,53.77542462,53.77542462,53.77542462,54.18150243,57.99759199,56.54826203,59.55418194,64.41840057,62.75627731,63.64962099,56.0152544,44.12823691,47.00050138,55.89523721,54.87568219,61.53535233,61.53535233,61.42095198,64.83131149,65.53822434,65.53822434,61.17293591,59.10402813,42.0497703,44.46768031,65.53822434,61.53535233,61.53535233,62.90404412,62.90404412
4,11,30,70,68.64795782,63.20708367,62.90404412,61.69432962,61.13078078,57.25478525,58.54586835,52.74030955,50.947763,52.131234,52.131234,52.131234,53.66598207,53.66598207,53.66598207,53.77542462,57.62703799,56.3951344,58.55674387,63.13682413,62.27547325,63.62118917,55.12569662,42.22934503,45.57730694,54.87568219,51.15960357,61.46671059,61.46671059,61.53535233,65.53822434,65.06801887,65.06801887,59.10402813,58.16548087,36.4174788,42.0497703,65.06801887,61.46671059,61.46671059,62.97510027,62.97510027
4,11,40,70,68.80588986,63.32681799,62.97510027,61.13078078,61.72117669,56.62654645,57.25478525,53.52673384,52.131234,52.88565351,52.88565351,52.88565351,53.15578654,53.15578654,53.15578654,53.66598207,57.58351981,56.17630778,58.20316555,63.11167652,62.57204137,63.0892577,53.73597332,40.91389357,44.49463872,51.15960357,53.43903749,61.34571503,61.34571503,61.46671059,65.06801887,65.38025541,65.38025541,58.16548087,56.84688913,35.51901261,36.4174788,65.38025541,61.34571503,61.34571503,63.36108802,63.36108802
4,11,50,69.45454545,68.77046721,63.70805059,63.36108802,61.72117669,61.80238176,54.22440087,56.62654645,54.42660948,52.88565351,52.60404042,52.60404042,52.60404042,53.019696,53.019696,53.019696,53.15578654,59.60308286,57.81474718,57.44176647,61.77584498,61.00854538,61.91915121,53.5504157,41.73496572,45.72094864,53.43903749,51.71961193,60.85157479,60.85157479,61.34571503,65.38025541,65.14710202,65.14710202,56.84688913,56.07986942,34.47051278,35.51901261,65.14710202,60.85157479,60.85157479,62.68089164,62.68089164
4,12,0,70,68.59460666,62.76635515,62.68089164,61.80238176,61.28116452,55.00677424,54.22440087,52.76023511,52.60404042,52.31596282,52.31596282,52.31596282,52.98448277,52.98448277,52.98448277,53.019696,58.35279582,57.65746382,57.78680874,62.8549869,60.02921868,60.31429663,51.23030772,40.76317721,44.3683212,51.71961193,51.91713399,59.81633179,59.81633179,60.85157479,65.14710202,64.08015597,64.08015597,56.07986942,54.00094618,33.4495453,34.47051278,64.08015597,59.81633179,59.81633179,62.45537084,62.45537084
4,12,10,70,68.3055438,62.81871264,62.45537084,61.28116452,61.18132632,55.1861043,55.00677424,53.4319626,52.31596282,51.16962173,51.16962173,51.16962173,51.91211267,51.91211267,51.91211267,52.98448277,57.52419081,56.28311718,56.70366699,61.32569555,59.00129429,59.6117038,51.20285117,39.67418556,42.81224747,51.91713399,49.46830185,57.87467013,57.87467013,59.81633179,64.08015597,63.15684166,63.15684166,54.00094618,52.51269566,31.55175756,33.4495453,63.15684166,57.87467013,57.87467013,62.0204759,62.0204759
4,12,20,70,68.23737085,61.97623361,62.0204759,61.18132632,59.2568606,54.00823802,55.1861043,53.33944263,51.16962173,49.92528339,49.92528339,49.92528339,51.74008448,51.74008448,51.74008448,51.91211267,57.65214369,56.18232152,53.93145908,58.32569676,55.53824562,58.30166426,48.81124745,37.18821024,39.81237733,49.46830185,45.95016769,56.30549786,56.30549786,57.87467013,63.15684166,61.09082794,61.09082794,52.51269566,46.3333309,29.2595659,31.55175756,61.09082794,56.30549786,56.30549786,61.44501123,61.44501123
4,12,30,70,68.38978074,62.73095568,61.44501123,59.2568606,57.23532314,53.53949011,54.00823802,52.20441176,49.92528339,48.63543149,48.63543149,48.63543149,50.95487801,50.95487801,50.95487801,51.74008448,55.94779262,52.90569974,50.28806866,53.49429522,51.05022293,52.99096283,42.61751749,35.15643093,38.66177027,45.95016769,43.14834746,54.75767405,54.75767405,56.30549786,61.09082794,60.11975202,60.11975202,46.3333309,44.42464589,27.95859918,29.2595659,60.11975202,54.75767405,54.75767405,59.94475082,59.94475082
4,12,40,70,68.60880814,62.32580817,59.94475082,57.23532314,55.98186284,45.65486695,53.53949011,51.2638435,48.63543149,48.73198915,48.73198915,48.73198915,49.81274961,49.81274961,49.81274961,50.95487801,51.95617216,51.60316877,49.21006655,51.33191092,48.5997908,49.07663157,37.89455201,32.64381293,36.41884533,43.14834746,42.01955833,53.835859,53.835859,54.75767405,60.11975202,58.75595029,58.75595029,44.42464589,44.72185996,28.15507184,27.95859918,58.75595029,53.835859,53.835859,58.95092104,58.95092104
4,12,50,70,68.25019947,62.28289678,58.95092104,55.98186284,56.1146638,41.92369865,45.65486695,50.33683862,48.73198915,48.01354246,48.01354246,48.01354246,50.23056425,50.23056425,50.23056425,49.81274961,51.59603209,50.40763654,47.01414671,49.34685987,46.43260108,47.2468764,37.60907966,32.22006596,35.95666322,42.01955833,43.23792734,52.57321693,52.57321693,53.835859,58.75595029,57.76180873,57.76180873,44.72185996,44.87238689,28.33635741,28.15507184,57.76180873,52.57321693,52.57321693,59.30982945,59.30982945
4,13,0,70,68.35382555,61.8263078,59.30982945,56.1146638,54.02390013,45.28699449,41.92369865,49.98978758,48.01354246,47.01157477,47.01157477,47.01157477,47.511538,47.511538,47.511538,50.23056425,53.64090188,50.81888655,45.60864243,47.08404716,44.52756516,46.52202732,36.94754802,32.27006744,36.12440338,43.23792734,41.7453864,51.63358172,51.63358172,52.57321693,57.76180873,56.25326506,56.25326506,44.87238689,41.7514801,26.77609247,28.33635741,56.25326506,51.63358172,51.63358172,61.3255325,61.3255325
4,13,10,70,68.41514518,62.20524622,61.3255325,54.02390013,48.48891814,40.61908079,45.28699449,50.10422794,47.01157477,46.39428581,46.39428581,46.39428581,42.49874981,42.49874981,42.49874981,47.511538,52.99993641,50.34853974,42.47919673,43.36623326,42.87109988,45.99782702,35.43984603,31.00023862,35.83806685,41.7453864,39.53715205,50.37207417,50.37207417,51.63358172,56.25326506,53.60875648,53.60875648,41.7514801,36.89192564,26.60949402,26.77609247,53.60875648,50.37207417,50.37207417,58.22977941,58.22977941
4,13,20,70,68.24226638,62.32756295,58.22977941,48.48891814,42.76377571,42.19243114,40.61908079,50.33391547,46.39428581,45.16906836,45.16906836,45.16906836,39.43534791,39.43534791,39.43534791,42.49874981,39.77504168,41.84692407,37.20253897,36.61862642,36.88306731,37.73969664,31.19610473,30.10309137,34.4604926,39.53715205,37.47487723,46.06921434,46.06921434,50.37207417,53.60875648,48.56324509,48.56324509,36.89192564,36.27528745,25.33986376,26.60949402,48.56324509,46.06921434,46.06921434,55.65412679,55.65412679
4,13,30,70,68.06490482,62.10746145,55.65412679,42.76377571,39.19507534,40.85324755,42.19243114,49.20782628,45.16906836,44.75475723,44.75475723,44.75475723,37.17260683,37.17260683,37.17260683,39.43534791,40.70097204,39.32304972,35.234373,33.47062993,32.45178658,31.92973978,28.48619158,29.07958249,33.04603812,37.47487723,34.69933359,41.90247493,41.90247493,46.06921434,48.56324509,45.03353661,45.03353661,36.27528745,35.97328463,24.71600586,25.33986376,45.03353661,41.90247493,41.90247493,51.66305147,51.66305147
4,13,40,70,68.00136904,61.02920669,51.66305147,39.19507534,42.07378695,40.11457548,40.85324755,47.75972733,44.75475723,43.45324021,43.45324021,43.45324021,32.46830156,32.46830156,32.46830156,37.17260683,36.18804113,35.77041157,33.1129224,31.29533995,29.78775235,28.2725198,26.72686145,28.20267543,31.80055547,34.69933359,33.85003024,40.21973774,40.21973774,41.90247493,45.03353661,44.13434542,44.13434542,35.97328463,32.50888759,23.93662584,24.71600586,44.13434542,40.21973774,40.21973774,54.63931121,54.63931121
4,13,50,70,68.16805349,61.83040467,54.63931121,42.07378695,43.79585554,41.32834384,40.11457548,47.6020167,43.45324021,42.20104487,42.20104487,42.20104487,30.11970179,30.11970179,30.11970179,32.46830156,33.22956349,35.87507586,30.69496265,29.62999186,28.44749076,25.82553219,26.72063149,28.05815687,31.18633457,33.85003024,35.24656423,39.82388649,39.82388649,40.21973774,44.13434542,44.12901238,44.12901238,32.50888759,30.07586032,21.42439723,23.93662584,44.12901238,39.82388649,39.82388649,55.47850042,55.47850042
4,14,0,70,67.55784232,61.6686271,55.47850042,43.79585554,37.70811517,43.83996265,41.32834384,48.86304466,42.20104487,41.04276447,41.04276447,41.04276447,29.06882265,29.06882265,29.06882265,30.11970179,32.26827922,34.74219029,31.14871232,30.68925613,29.07205686,26.14865028,27.88742585,27.48953241,31.36191395,35.24656423,35.86678302,38.85333985,38.85333985,39.82388649,44.12901238,41.84870815,41.84870815,30.07586032,26.30829797,19.25578974,21.42439723,41.84870815,38.85333985,38.85333985,52.19842818,52.19842818
4,14,10,70,66.96287627,61.01527009,52.19842818,37.70811517,28.8314903,43.84375,43.83996265,49.21436158,41.04276447,38.47465919,38.47465919,38.47465919,26.46855301,26.46855301,26.46855301,29.06882265,32.57341144,33.70702489,29.63277089,28.97060133,29.28868097,27.04050636,28.36409091,27.84991718,31.26161768,35.86678302,35.88048018,36.37509016,36.37509016,38.85333985,41.84870815,38.44222521,38.44222521,26.30829797,22.55454379,18.20451048,19.25578974,38.44222521,36.37509016,36.37509016,41.42203177,41.42203177
4,14,20,70,65.93355576,58.10528711,41.42203177,28.8314903,25.12803392,44.22589286,43.84375,49.12668391,38.47465919,35.720979,35.720979,35.720979,24.2962427,24.2962427,24.2962427,26.46855301,29.69974709,32.0565118,29.26179778,28.57661134,27.18137937,24.58040009,27.03340042,28.05201982,31.41239353,35.88048018,33.11802313,32.92954312,32.92954312,36.37509016,38.44222521,33.92621828,33.92621828,22.55454379,22.33427168,18.22371837,18.20451048,33.92621828,32.92954312,32.92954312,36.76990622,36.76990622
4,14,30,70,62.70006689,51.66270308,36.76990622,25.12803392,22.20320915,43.05690421,44.22589286,48.02980081,35.720979,33.20297752,33.20297752,33.20297752,23.87001624,23.87001624,23.87001624,24.2962427,28.2643029,31.01309938,29.4186182,28.02485768,26.79276519,24.9115714,27.26837403,27.81228517,31.20965903,33.11802313,30.39570177,32.08076591,32.08076591,32.92954312,33.92621828,34.36291055,34.36291055,22.33427168,21.93780437,17.32799438,18.22371837,34.36291055,32.08076591,32.08076591,32.33321002,32.33321002
4,14,40,70,63.51557717,52.10224707,32.33321002,22.20320915,24.05546879,40.60416667,43.05690421,45.22953022,33.20297752,31.11179174,31.11179174,31.11179174,21.99965791,21.99965791,21.99965791,23.87001624,24.477095,26.01410014,27.58340022,26.41498662,24.67196149,22.47856908,24.43601401,25.74412323,27.81601044,30.39570177,29.06146896,31.5704936,31.5704936,32.08076591,34.36291055,33.2121826,33.2121826,21.93780437,19.97613513,16.61917511,17.32799438,33.2121826,31.5704936,31.5704936,35.8592685,35.8592685
4,14,50,70,64.07789096,52.78947829,35.8592685,24.05546879,33.21176148,38.62631303,40.60416667,43.93053545,31.11179174,29.02499294,29.02499294,29.02499294,21.72566541,21.72566541,21.72566541,21.99965791,22.28455787,25.30299935,26.37503708,25.47597063,24.25421747,23.06953098,24.35959908,25.29705613,26.92284423,29.06146896,29.95485755,29.42882543,29.42882543,31.5704936,33.2121826,30.20965491,30.20965491,19.97613513,19.46481307,16.36547886,16.61917511,30.20965491,29.42882543,29.42882543,47.23442554,47.23442554
4,15,0,70,66.72179887,60.30386647,47.23442554,33.21176148,32.78123173,36.85898109,38.62631303,43.68712328,29.02499294,26.3579218,26.3579218,26.3579218,22.06533105,22.06533105,22.06533105,21.72566541,22.31388979,25.80883987,26.26686145,25.30579452,24.84690782,22.60821752,24.00677634,25.28952343,27.38921779,29.95485755,29.27995473,28.32762207,28.32762207,29.42882543,30.20965491,29.06266988,29.06266988,19.46481307,19.01209719,16.66902079,16.36547886,29.06266988,28.32762207,28.32762207,47.60580243,47.60580243
4,15,10,70,67.55792728,59.66061858,47.60580243,32.78123173,25.76464138,36.0712535,36.85898109,41.43420479,26.3579218,22.64519628,22.64519628,22.64519628,20.87608546,20.87608546,20.87608546,22.06533105,22.17138072,26.39845938,26.59970158,25.14581208,23.9413671,21.30654523,23.52705745,24.84684662,26.08125534,29.27995473,27.08893843,28.02049254,28.02049254,28.32762207,29.06266988,30.78183607,30.78183607,19.01209719,18.37928887,16.50460128,16.66902079,30.78183607,28.02049254,28.02049254,39.59734988,39.59734988
4,15,20,70,66.22823255,58.60391998,39.59734988,25.76464138,22.51793347,37.10291867,36.0712535,40.62400275,22.64519628,19.21800853,19.21800853,19.21800853,20.03095715,20.03095715,20.03095715,20.87608546,24.72200365,24.66941154,25.40359038,23.8757276,22.77838459,21.03343192,23.24108394,23.86981233,24.31174537,27.08893843,27.28919139,28.38603869,28.38603869,28.02049254,30.78183607,30.1433579,30.1433579,18.37928887,18.3231536,16.89633174,16.50460128,30.1433579,28.38603869,28.38603869,37.10535131,37.10535131
4,15,30,70,64.49191631,60.1370915,37.10535131,22.51793347,21.34575605,35.32165714,37.10291867,39.80758961,19.21800853,17.33315023,17.33315023,17.33315023,18.93837197,18.93837197,18.93837197,20.03095715,20.94562687,23.74526494,24.86546719,23.58594249,22.84974789,20.22761808,22.65448829,24.18642751,24.85713551,27.28919139,27.26892929,29.30352467,29.30352467,28.38603869,30.1433579,32.32813914,32.32813914,18.3231536,18.34856249,16.38892207,16.89633174,32.32813914,29.30352467,29.30352467,36.50957074,36.50957074
4,15,40,70,64.69651239,60.24857707,36.50957074,21.34575605,20.78599225,36.48911648,35.32165714,39.68757262,17.33315023,17.1554776,17.1554776,17.1554776,18.49312459,18.49312459,18.49312459,18.93837197,19.04103323,21.75247406,24.04229135,22.92629138,22.30804889,19.75925026,22.9788117,24.44716475,24.50305406,27.26892929,28.8303039,29.6574646,29.6574646,29.30352467,32.32813914,34.93141002,34.93141002,18.34856249,18.10777311,16.39496451,16.38892207,34.93141002,29.6574646,29.6574646,35.51527486,35.51527486
4,15,50,70,65.09723856,60.60955029,35.51527486,20.78599225,24.40205807,37.92129727,36.48911648,39.64448529,17.1554776,15.33611471,15.33611471,15.33611471,18.13334587,18.13334587,18.13334587,18.49312459,18.47061158,22.11568627,23.9047779,22.39928872,21.3576041,20.20518843,23.37099319,24.63273369,25.21036015,28.8303039,28.34771051,29.95887137,29.95887137,29.6574646,34.93141002,34.60582181,34.60582181,18.10777311,19.47012718,15.76365335,16.39496451,34.60582181,29.95887137,29.95887137,40.46731261,40.46731261
4,16,0,70,64.37345687,55.67617647,40.46731261,24.40205807,19.26225474,38.43214869,37.92129727,40.60969669,15.33611471,15.19624569,15.19624569,15.19624569,17.25064066,17.25064066,17.25064066,18.13334587,18.63719475,21.64558824,23.24439673,22.20125173,21.09303527,19.46416435,22.07469189,24.43843572,25.51840456,28.34771051,27.91156059,30.47013952,30.47013952,29.95887137,34.60582181,32.91219005,32.91219005,19.47012718,18.56595658,15.60552738,15.76365335,32.91219005,30.47013952,30.47013952,35.06847317,35.06847317
4,16,10,70,66.1952059,57.41858855,35.06847317,19.26225474,17.39995808,37.67575572,38.43214869,41.69246032,15.19624569,14.57826585,14.57826585,14.57826585,17.22866478,17.22866478,17.22866478,17.25064066,16.82414746,19.73501692,22.04256404,20.85154336,20.27788454,18.38239007,22.24106883,24.91206318,25.64848008,27.91156059,28.61714466,30.44267029,30.44267029,30.47013952,32.91219005,30.52448568,30.52448568,18.56595658,17.23088698,15.60636079,15.60552738,30.52448568,30.44267029,30.44267029,34.19757261,34.19757261
4,16,20,70,62.91122377,52.76642528,34.19757261,17.39995808,22.26768008,35.39254651,37.67575572,39.90936819,14.57826585,13.48151017,13.48151017,13.48151017,16.8256871,16.8256871,16.8256871,17.22866478,18.33573163,21.41372308,22.93394982,21.85603761,21.48436746,20.11913426,22.75522648,24.84623684,25.81994641,28.61714466,28.60763569,31.12602449,31.12602449,30.44267029,30.52448568,33.65550672,33.65550672,17.23088698,18.92876026,16.00052063,15.60636079,33.65550672,31.12602449,31.12602449,41.25595975,41.25595975
4,16,30,70,65.41827521,58.23623,41.25595975,22.26768008,22.58642034,36.81176568,35.39254651,39.11261492,13.48151017,14.07408412,14.07408412,14.07408412,16.43370612,16.43370612,16.43370612,16.8256871,19.69737757,23.32969322,23.02062115,21.62892338,21.24799846,18.88630487,22.8285534,24.94165789,25.49727663,28.60763569,28.19471809,31.56271283,31.56271283,31.12602449,33.65550672,35.05133948,35.05133948,18.92876026,19.45517952,16.53554243,16.00052063,35.05133948,31.56271283,31.56271283,42.95467085,42.95467085
4,16,40,70,67.49193506,59.81585246,42.95467085,22.58642034,22.2754448,35.61700514,36.81176568,40.18446254,14.07408412,14.12863221,14.12863221,14.12863221,16.87100698,16.87100698,16.87100698,16.43370612,17.18213141,20.88790805,22.66602677,21.12870497,20.60505355,20.16658163,22.9187412,24.53218597,25.33478124,28.19471809,29.62760273,31.9147761,31.9147761,31.56271283,35.05133948,36.24407692,36.24407692,19.45517952,19.89752417,15.78530901,16.53554243,36.24407692,31.9147761,31.9147761,41.76473264,41.76473264
4,16,50,70,67.21103019,59.56363957,41.76473264,22.2754448,27.25869394,35.30602533,35.61700514,38.96609931,14.12863221,14.12344321,14.12344321,14.12344321,16.57024539,16.57024539,16.57024539,16.87100698,20.38701154,20.28034547,22.51798275,21.5834479,21.73245421,23.40040687,25.47669722,25.13817262,25.74723395,29.62760273,30.21221329,31.87221678,31.87221678,31.9147761,36.24407692,35.81481077,35.81481077,19.89752417,19.99382521,16.59909492,15.78530901,35.81481077,31.87221678,31.87221678,49.26201145,49.26201145
4,17,0,70,68.48531063,61.34109106,49.26201145,27.25869394,23.21860792,36.30876225,35.30602533,38.91440972,14.12344321,13.97343322,13.97343322,13.97343322,16.46328352,16.46328352,16.46328352,16.57024539,16.7574912,19.11953976,22.33240908,21.53872371,21.9622285,21.12100475,24.12297729,25.37544204,26.42982782,30.21221329,29.44673312,32.38050793,32.38050793,31.87221678,35.81481077,37.33167458,37.33167458,19.99382521,20.11065398,15.84618416,16.59909492,37.33167458,32.38050793,32.38050793,44.11652578,44.11652578
4,17,10,70,69.04998557,62.22929507,44.11652578,23.21860792,19.87805,36.6184232,36.30876225,40.00554972,13.97343322,13.40313804,13.40313804,13.40313804,16.15950074,16.15950074,16.15950074,16.46328352,17.42384301,20.87734706,22.94551661,22.40581284,22.23094736,20.49789585,23.94808479,25.04387416,25.88383916,29.44673312,29.8575255,32.54276295,32.54276295,32.38050793,37.33167458,39.30633834,39.30633834,20.11065398,18.18098417,14.82342729,15.84618416,39.30633834,32.54276295,32.54276295,40.04357408,40.04357408
4,17,20,70,68.18887729,60.92174829,40.04357408,19.87805,19.70589004,36.18630855,36.6184232,40.03994514,13.40313804,13.2153133,13.2153133,13.2153133,16.1292136,16.1292136,16.1292136,16.15950074,16.36481586,19.88297354,22.9664118,22.35975373,21.6502256,20.80771431,23.98237726,25.82177973,27.46952621,29.8575255,29.89751302,31.60631399,31.60631399,32.54276295,39.30633834,37.93444393,37.93444393,18.18098417,18.61449013,13.94990749,14.82342729,37.93444393,31.60631399,31.60631399,38.99686911,38.99686911
4,17,30,70,67.14151082,61.81476218,38.99686911,19.70589004,18.974186,32.85322403,36.18630855,40.11658278,13.2153133,13.05363469,13.05363469,13.05363469,16.55554451,16.55554451,16.55554451,16.1292136,16.14811508,20.07871148,23.57434976,22.93582613,22.56378147,21.78806533,24.22168351,25.33233449,27.07539248,29.89751302,28.67698133,31.48929644,31.48929644,31.60631399,37.93444393,35.85517612,35.85517612,18.61449013,16.25695227,13.65582262,13.94990749,35.85517612,31.48929644,31.48929644,35.67414437,35.67414437
4,17,40,70,66.24073502,58.32135796,35.67414437,18.974186,18.10681806,35.89232026,32.85322403,36.56937574,13.05363469,13.68393497,13.68393497,13.68393497,16.38581151,16.38581151,16.38581151,16.55554451,16.74569328,20.00402661,23.63058278,22.7593208,22.73800868,21.72091941,23.80024837,25.61739904,26.42954079,28.67698133,29.70388993,31.8902129,31.8902129,31.48929644,35.85517612,36.23993033,36.23993033,16.25695227,17.83933881,14.67939838,13.65582262,36.23993033,31.8902129,31.8902129,38.01461106,38.01461106
4,17,50,70,66.14392061,61.09107128,38.01461106,18.10681806,21.20078837,34.94882353,35.89232026,39.42172838,13.68393497,13.95622547,13.95622547,13.95622547,16.95091786,16.95091786,16.95091786,16.38581151,16.01734562,19.72035436,23.52915335,22.70719577,22.77920285,22.41947764,24.19780581,25.78340268,26.86671088,29.70388993,28.3396142,31.4270108,31.4270108,31.8902129,36.23993033,35.50656151,35.50656151,17.83933881,16.9144973,15.34849959,14.67939838,35.50656151,31.4270108,31.4270108,39.0360714,39.0360714
4,18,0,70,67.65940219,59.6149323,39.0360714,21.20078837,22.10192885,35.77904412,34.94882353,38.74126401,13.95622547,14.42188537,14.42188537,14.42188537,16.7764308,16.7764308,16.7764308,16.95091786,17.46026666,20.67881264,23.8111281,23.15208121,22.68274244,23.40183897,25.0287386,25.82889784,27.28644744,28.3396142,27.55935553,31.41409906,31.41409906,31.4270108,35.50656151,34.41888172,34.41888172,16.9144973,19.20637864,16.80225718,15.34849959,34.41888172,31.41409906,31.41409906,41.01498808,41.01498808
4,18,10,70,68.16662506,59.34069989,41.01498808,22.10192885,20.6702134,35.46647727,35.77904412,39.31038165,14.42188537,14.57647489,14.57647489,14.57647489,16.73532904,16.73532904,16.73532904,16.7764308,16.44524266,19.44955694,23.51838013,22.87858724,23.19826812,22.54710629,24.06276485,25.56211729,26.55738015,27.55935553,27.91271093,33.15857369,33.15857369,31.41409906,34.41888172,38.19753803,38.19753803,19.20637864,19.66543091,16.1066406,16.80225718,38.19753803,33.15857369,33.15857369,37.55797944,37.55797944
4,18,20,70,68.26962821,60.02257966,37.55797944,20.6702134,23.23907548,35.46937442,35.46647727,38.92956243,14.57647489,14.47330186,14.47330186,14.47330186,16.56001367,16.56001367,16.56001367,16.73532904,16.98195589,20.10207391,24.38498401,23.70705404,23.03372226,21.41882286,23.18691376,25.57471928,26.99303628,27.91271093,29.18432206,32.29036767,32.29036767,33.15857369,38.19753803,33.38517993,33.38517993,19.66543091,21.48756178,16.92131769,16.1066406,33.38517993,32.29036767,32.29036767,42.31423903,42.31423903
4,18,30,70,68.46913864,61.8913257,42.31423903,23.23907548,27.27725413,35.03341503,35.46937442,38.73075063,14.47330186,15.20217245,15.20217245,15.20217245,16.98564425,16.98564425,16.98564425,16.56001367,16.20185477,19.80094052,23.94949198,24.06681411,23.39189894,21.18364551,23.72642692,26.35891253,28.92709449,29.18432206,27.82298279,32.90030907,32.90030907,32.29036767,33.38517993,32.72381368,32.72381368,21.48756178,23.81400524,19.5971924,16.92131769,32.72381368,32.90030907,32.90030907,48.80499457,48.80499457
4,18,40,70,68.4970664,62.94366259,48.80499457,27.27725413,32.33422159,36.63966503,35.03341503,39.03785598,15.20217245,16.54869656,16.54869656,16.54869656,16.98479829,16.98479829,16.98479829,16.98564425,16.16908695,20.01384433,24.00933384,23.88033214,23.31365575,21.46783273,22.96698172,25.53059287,27.19456278,27.82298279,29.47296373,34.01614265,34.01614265,32.90030907,32.72381368,35.81635249,35.81635249,23.81400524,28.59006964,23.04616086,19.5971924,35.81635249,34.01614265,34.01614265,53.14074171,53.14074171
4,18,50,70,69.06663108,63.08927817,53.14074171,32.33422159,39.15373916,36.94313336,36.63966503,40.37561858,16.54869656,17.65596962,17.65596962,17.65596962,17.71783525,17.71783525,17.71783525,16.98479829,15.68584161,19.17966747,23.42614215,22.43407908,21.56656312,20.13956132,22.53582559,25.16108763,27.17124495,29.47296373,29.86139873,34.84223681,34.84223681,34.01614265,35.81635249,37.68421939,37.68421939,28.59006964,32.74528836,24.72893257,23.04616086,37.68421939,34.84223681,34.84223681,57.18409309,57.18409309
4,19,0,70,68.8249852,63.83375597,57.18409309,39.15373916,44.96149375,42.7113511,36.94313336,39.63899831,17.65596962,19.0483284,19.0483284,19.0483284,19.36341315,19.36341315,19.36341315,17.71783525,15.90637254,19.97455252,24.00620931,23.22147309,22.28677115,21.40120042,23.94024131,26.24980876,28.39209356,29.86139873,30.80489449,36.2262986,36.2262986,34.84223681,37.68421939,40.15260588,40.15260588,32.74528836,35.04033776,25.36056393,24.72893257,40.15260588,36.2262986,36.2262986,58.90776738,58.90776738
4,19,10,69,68.9222628,64.06300568,58.90776738,44.96149375,44.95228392,37.37325347,42.7113511,40.35983718,19.0483284,20.1975695,20.1975695,20.1975695,20.42531212,20.42531212,20.42531212,19.36341315,18.41809641,21.98941993,25.07206242,24.52778307,24.77139822,23.87658799,24.79953686,27.75306336,30.93755284,30.80489449,33.55559985,38.16564343,38.16564343,36.2262986,40.15260588,43.9938474,43.9938474,35.04033776,36.45847466,25.03616432,25.36056393,43.9938474,38.16564343,38.16564343,59.95306754,59.95306754
4,19,20,70,68.98201619,63.31905594,59.95306754,44.95228392,46.42541623,36.63532913,37.37325347,41.48724907,20.1975695,23.04788386,23.04788386,23.04788386,21.13383394,21.13383394,21.13383394,20.42531212,21.27616213,26.1453348,26.40659539,25.80390609,27.08321701,25.88988488,25.73575051,28.20770801,31.16081297,33.55559985,34.74816306,40.6382771,40.6382771,38.16564343,43.9938474,46.56221038,46.56221038,36.45847466,36.07939977,25.24235098,25.03616432,46.56221038,40.6382771,40.6382771,61.20366904,61.20366904
4,19,30,70,69.04305549,63.27617419,61.20366904,46.42541623,51.97286506,40.60426004,36.63532913,40.81678922,23.04788386,25.55274389,25.55274389,25.55274389,22.38712313,22.38712313,22.38712313,21.13383394,21.2308246,25.85537859,26.19038138,25.41508851,25.83565389,22.21272235,24.84910293,28.5096829,31.68376725,34.74816306,36.5682852,42.70695829,42.70695829,40.6382771,46.56221038,47.10325887,47.10325887,36.07939977,36.37532268,25.53573557,25.24235098,47.10325887,42.70695829,42.70695829,61.90226293,61.90226293
4,19,40,70,68.98192413,63.08156465,61.90226293,51.97286506,54.61809266,40.01444328,40.60426004,43.55426652,25.55274389,28.93478713,28.93478713,28.93478713,24.63396937,24.63396937,24.63396937,22.38712313,18.78103655,22.01539404,26.95376672,26.91530641,28.91282532,26.7863459,27.02292636,30.43514755,35.18489152,36.5682852,37.54384401,43.59161004,43.59161004,42.70695829,47.10325887,47.90596339,47.90596339,36.37532268,36.26320803,25.49096639,25.53573557,47.90596339,43.59161004,43.59161004,63.03457414,63.03457414
4,19,50,70,68.73465191,63.58160727,63.03457414,54.61809266,58.31430113,40.29541317,40.01444328,42.5227215,28.93478713,33.24593283,33.24593283,33.24593283,26.55567092,26.55567092,26.55567092,24.63396937,19.81635566,22.57339923,28.55369124,28.89213181,31.43645588,30.39530222,27.60813658,30.11524023,34.99892149,37.54384401,38.85975521,44.59245766,44.59245766,43.59161004,47.90596339,50.00202425,50.00202425,36.26320803,36.40284111,26.87673252,25.49096639,50.00202425,44.59245766,44.59245766,63.48243197,63.48243197
4,20,0,70,68.98787399,63.47627962,63.48243197,58.31430113,58.50112613,44.49168417,40.29541317,44.44042756,33.24593283,37.17550082,37.17550082,37.17550082,28.07079302,28.07079302,28.07079302,26.55567092,21.48870574,24.06416481,29.471371,29.60733812,31.48076576,30.05052984,28.32219181,30.93428471,36.37238575,38.85975521,40.65797122,45.59107106,45.59107106,44.59245766,50.00202425,50.5870502,50.5870502,36.40284111,36.19203509,27.62790582,26.87673252,50.5870502,45.59107106,45.59107106,62.76884702,62.76884702
4,20,10,70,68.78421849,62.90742851,62.76884702,58.50112613,56.37457441,40.64294468,44.49168417,45.90792678,37.17550082,40.85616926,40.85616926,40.85616926,29.67069704,29.67069704,29.67069704,28.07079302,22.13614051,24.54852941,30.42439444,31.46212914,33.71428804,32.38080105,28.7125966,31.34560249,37.46271888,40.65797122,40.94310922,45.53757078,45.53757078,45.59107106,50.5870502,50.91684278,50.91684278,36.19203509,36.52840613,26.70220005,27.62790582,50.91684278,45.53757078,45.53757078,61.92663228,61.92663228
4,20,20,70,68.64775292,63.34769686,61.92663228,56.37457441,56.6973123,45.76496849,40.64294468,46.71132593,40.85616926,44.75933435,44.75933435,44.75933435,32.87624769,32.87624769,32.87624769,29.67069704,28.85981851,29.06815865,30.9937675,32.1681008,35.70599832,33.32641302,29.48415874,31.64327609,37.5818259,40.94310922,41.71915901,46.70027288,46.70027288,45.53757078,50.91684278,52.27364967,52.27364967,36.52840613,37.86251067,28.98407429,26.70220005,52.27364967,46.70027288,46.70027288,60.25594873,60.25594873
4,20,30,70,68.80659055,62.86809121,60.25594873,56.6973123,59.15866013,51.52461193,45.76496849,49.27623911,44.75933435,48.33359168,48.33359168,48.33359168,37.07578243,37.07578243,37.07578243,32.87624769,31.04287173,32.30083742,33.10867427,34.35699386,37.72909529,36.53868179,31.67415409,32.73268229,38.04510343,41.71915901,42.05587513,49.61642676,49.61642676,46.70027288,52.27364967,54.23255814,54.23255814,37.86251067,40.59149932,29.17351465,28.98407429,54.23255814,49.61642676,49.61642676,61.16226511,61.16226511
4,20,40,70,69.12138371,63.56595187,61.16226511,59.15866013,60.87618045,53.70489029,51.52461193,52.68877655,48.33359168,50.68433335,50.68433335,50.68433335,42.61624429,42.61624429,42.61624429,37.07578243,36.60329066,36.13089853,34.95766707,36.52149686,39.5305157,38.38467912,33.28775465,33.51705175,38.70341771,42.05587513,45.98890311,51.90483972,51.90483972,49.61642676,54.23255814,55.60631513,55.60631513,40.59149932,43.19101084,31.39042281,29.17351465,55.60631513,51.90483972,51.90483972,61.52226648,61.52226648
4,20,50,70,68.87475853,63.49367073,61.52226648,60.87618045,60.73907847,58.43986345,53.70489029,55.13224401,50.68433335,53.91518193,53.91518193,53.91518193,47.13902649,47.13902649,47.13902649,42.61624429,43.8974965,41.95426393,38.31581531,39.17963987,41.16475425,41.19174609,38.02037743,35.01622808,40.72136433,45.98890311,50.77259432,54.3893756,54.3893756,51.90483972,55.60631513,58.80791606,58.80791606,43.19101084,47.64269301,34.41492793,31.39042281,58.80791606,54.3893756,54.3893756,60.66597903,60.66597903
4,21,0,70,69.05635952,62.94217854,60.66597903,60.73907847,58.89691952,55.46321779,58.43986345,57.09470316,53.91518193,55.09941396,55.09941396,55.09941396,49.49309819,49.49309819,49.49309819,47.13902649,50.33829365,49.98852947,45.77754173,45.21085217,46.52399192,44.59028503,41.53180555,36.48530208,43.197051,50.77259432,52.08472717,55.42395882,55.42395882,54.3893756,58.80791606,59.49657981,59.49657981,47.64269301,49.51021451,36.93097586,34.41492793,59.49657981,55.42395882,55.42395882,59.4805896,59.4805896
4,21,10,70,69.14364098,62.634436,59.4805896,58.89691952,56.17731377,54.29490546,55.46321779,56.54881536,55.09941396,54.8576592,54.8576592,54.8576592,49.66864981,49.66864981,49.66864981,49.49309819,54.03827712,54.62858894,51.41400976,53.07027192,51.91542385,46.91642682,45.12562497,38.98674809,44.20861996,52.08472717,54.68475219,56.98119242,56.98119242,55.42395882,59.49657981,59.94008555,59.94008555,49.51021451,49.95225388,37.59259711,36.93097586,59.94008555,56.98119242,56.98119242,57.4064968,57.4064968
4,21,20,70,68.6350987,61.82820967,57.4064968,56.17731377,57.68943984,61.17334267,54.29490546,56.53858932,54.8576592,56.58114542,56.58114542,56.58114542,50.47561051,50.47561051,50.47561051,49.66864981,54.83858341,55.58076459,50.45849785,52.32675447,50.98279712,46.77142848,45.3039169,39.46692245,44.92275017,54.68475219,56.96439358,57.84935665,57.84935665,56.98119242,59.94008555,60.96408526,60.96408526,49.95225388,52.33297121,39.5734393,37.59259711,60.96408526,57.84935665,57.84935665,59.28879017,59.28879017
4,21,30,70,68.80076652,62.40108643,59.28879017,57.68943984,58.69844352,62.25206583,61.17334267,59.23781318,56.58114542,57.78185676,57.78185676,57.78185676,51.75122017,51.75122017,51.75122017,50.47561051,55.38306489,55.71601015,49.91051741,51.97468209,51.38355974,46.87468099,45.75188112,39.1454656,45.00778588,56.96439358,56.42352284,59.1476364,59.1476364,57.84935665,60.96408526,63.0728085,63.0728085,52.33297121,54.83346636,41.45635384,39.5734393,63.0728085,59.1476364,59.1476364,59.56290169,59.56290169
4,21,40,70,68.82905579,62.31563477,59.56290169,58.69844352,61.40043887,62.97176704,62.25206583,60.34923747,57.78185676,58.46257478,58.46257478,58.46257478,53.21587795,53.21587795,53.21587795,51.75122017,56.19366157,56.70709722,52.54258239,53.6551357,51.97697108,47.50299485,47.07282116,38.83119404,44.00409574,56.42352284,57.66344748,59.87581037,59.87581037,59.1476364,63.0728085,65.56507424,65.56507424,54.83346636,57.77017426,45.25958526,41.45635384,65.56507424,59.87581037,59.87581037,60.91321487,60.91321487
4,21,50,70,69.13794486,62.68219918,60.91321487,61.40043887,61.0223961,61.51235411,62.97176704,60.82501362,58.46257478,59.67561059,59.67561059,59.67561059,53.97668239,53.97668239,53.97668239,53.21587795,55.81172475,56.03781894,56.88999173,58.32430561,56.36953242,53.97009876,50.42991097,39.98292638,44.69359723,57.66344748,61.13322926,60.41010993,60.41010993,59.87581037,65.56507424,64.53321074,64.53321074,57.77017426,59.07412306,49.3735567,45.25958526,64.53321074,60.41010993,60.41010993,60.62400089,60.62400089
4,22,0,70,69.19633688,63.2129085,60.62400089,61.0223961,61.11469436,59.51636905,61.51235411,60.6060049,59.67561059,59.89371674,59.89371674,59.89371674,53.63754494,53.63754494,53.63754494,53.97668239,55.52423261,56.5190447,59.56851784,62.72573188,60.16008282,58.26893091,53.72984612,41.47500248,46.96816126,61.13322926,61.15048797,60.84118168,60.84118168,60.41010993,64.53321074,64.93188112,64.93188112,59.07412306,60.22988984,50.24162339,49.3735567,64.93188112,60.84118168,60.84118168,60.79323427,60.79323427
4,22,10,70,69.06095434,62.0184657,60.79323427,61.11469436,60.34475674,58.08146592,59.51636905,60.93191267,59.89371674,59.58801792,59.58801792,59.58801792,54.09213137,54.09213137,54.09213137,53.63754494,56.73665293,56.50766717,59.14951855,62.48679696,59.74840859,59.50841691,55.18753832,40.85179374,46.38499561,61.15048797,58.8051096,61.06460036,61.06460036,60.84118168,64.93188112,64.98577808,64.98577808,60.22988984,63.35057328,48.88529622,50.24162339,64.98577808,61.06460036,61.06460036,61.21180556,61.21180556
4,22,20,70,68.45884051,62.18060151,61.21180556,60.34475674,58.95784418,58.55446429,58.08146592,59.80151598,59.58801792,60.28602373,60.28602373,60.28602373,54.69994535,54.69994535,54.69994535,54.09213137,57.68902258,57.00849673,58.54261117,60.95715834,57.74333643,55.84397262,52.51247558,39.83353494,45.17075551,58.8051096,61.44240974,62.63287819,62.63287819,61.06460036,64.98577808,66.42245078,66.42245078,63.35057328,65.69157144,51.45166008,48.88529622,66.42245078,62.63287819,62.63287819,59.87289114,59.87289114
4,22,30,70,68.23392122,60.79033826,59.87289114,58.95784418,58.69867396,59.00449346,58.55446429,60.96977124,60.28602373,61.56338219,61.56338219,61.56338219,54.81184345,54.81184345,54.81184345,54.69994535,58.74006743,58.09188816,60.28977332,63.07238095,60.67614401,57.43108388,55.06875278,42.65410255,47.45024118,61.44240974,64.076749,62.4704107,62.4704107,62.63287819,66.42245078,66.50064868,66.50064868,65.69157144,65.12806367,55.23732167,51.45166008,66.50064868,62.4704107,62.4704107,58.81234171,58.81234171
4,22,40,70,68.35569174,60.66635032,58.81234171,58.69867396,59.11238374,59.19887955,59.00449346,60.76436547,61.56338219,62.42125832,62.42125832,62.42125832,56.06155939,56.06155939,56.06155939,54.81184345,61.78204175,62.67401479,62.35716467,65.9759761,65.01224712,62.48671385,58.7025151,46.06690783,50.14562644,64.076749,65.69780963,64.85598277,64.85598277,62.4704107,66.50064868,67.71492653,67.71492653,65.12806367,64.79011476,58.1611306,55.23732167,67.71492653,64.85598277,64.85598277,58.08334014,58.08334014
4,22,50,70,68.05772133,59.95000073,58.08334014,59.11238374,60.40416099,65.59958874,59.19887955,61.89042237,62.42125832,62.53514506,62.53514506,62.53514506,56.14690916,56.14690916,56.14690916,56.06155939,62.3800452,63.24588806,63.27099516,66.97149126,65.89309156,64.54766902,61.24386391,48.87487173,53.1500265,65.69780963,66.94136331,65.86190064,65.86190064,64.85598277,67.71492653,68.56294524,68.56294524,64.79011476,67.10218235,58.95749152,58.1611306,68.56294524,65.86190064,65.86190064,59.00013617,59.00013617
4,23,0,70,68.51177136,59.9786076,59.00013617,60.40416099,60.96698613,62.62587535,65.59958874,62.88721381,62.53514506,62.87713981,62.87713981,62.87713981,55.96722197,55.96722197,55.96722197,56.14690916,62.39262499,62.94229333,64.05098517,68.05754274,67.28424238,64.76324758,61.47760614,50.08323141,54.17836654,66.94136331,66.77079199,65.27677265,65.27677265,65.86190064,68.56294524,68.01086368,68.01086368,67.10218235,65.77963333,59.41858059,58.95749152,68.01086368,65.27677265,65.27677265,58.91717218,58.91717218
4,23,10,70,66.85498208,56.43373526,58.91717218,60.96698613,61.73382267,65.29334273,62.62587535,63.07339325,62.87713981,62.39900737,62.39900737,62.39900737,56.05101611,56.05101611,56.05101611,55.96722197,61.6203976,62.37703762,64.08035849,68.34779463,68.41730492,68.45316375,63.21088964,51.02525222,55.44499851,66.77079199,65.50859743,65.67656795,65.67656795,65.27677265,68.01086368,68.31228016,68.31228016,65.77963333,66.17494152,59.97945416,59.41858059,68.31228016,65.67656795,65.67656795,60.30253268,60.30253268
4,23,20,70,67.1457127,58.56004464,60.30253268,61.73382267,62.60933991,67.17202381,65.29334273,63.01321666,62.39900737,62.67433007,62.67433007,62.67433007,56.27797628,56.27797628,56.27797628,56.05101611,62.02183011,62.57175716,64.40617368,68.38279873,68.49120125,67.81363843,62.41997113,50.51625151,54.64109232,65.50859743,65.82031602,66.23919154,66.23919154,65.67656795,68.31228016,68.16993961,68.16993961,66.17494152,63.99217018,60.87997169,59.97945416,68.16993961,66.23919154,66.23919154,61.13818593,61.13818593
4,23,30,70,68.06433006,61.57746119,61.13818593,62.60933991,63.62898337,66.79009104,67.17202381,63.75266885,62.67433007,62.74952422,62.74952422,62.74952422,56.42650382,56.42650382,56.42650382,56.27797628,62.65517822,63.58039242,64.67997899,68.47790411,68.6107819,67.17013123,62.25322316,50.96470767,54.95053334,65.82031602,67.40958528,66.75577481,66.75577481,66.23919154,68.16993961,68.85057306,68.85057306,63.99217018,65.91971363,62.23778211,60.87997169,68.85057306,66.75577481,66.75577481,62.65464154,62.65464154
4,23,40,70,69.22485338,62.86427696,62.65464154,63.62898337,64.63293007,66.62109594,66.79009104,63.92034897,62.74952422,63.99953883,63.99953883,63.99953883,56.75848473,56.75848473,56.75848473,56.42650382,61.96218585,62.61102163,64.6213816,68.38218408,68.43414765,66.41753764,62.22430256,51.56759729,55.52404097,67.40958528,66.64915867,67.204547,67.204547,66.75577481,68.85057306,68.73885691,68.73885691,65.91971363,68.35338698,62.13175719,62.23778211,68.73885691,67.204547,67.204547,63.38063555,63.38063555
4,23,50,70,69.32075869,63.19146582,63.38063555,64.63293007,65.20130869,67.29743231,66.62109594,63.49115896,63.99953883,64.16567595,64.16567595,64.16567595,56.91092647,56.91092647,56.91092647,56.75848473,62.54330065,63.37095588,65.23104901,69.03329669,68.96187459,67.90564444,64.07768929,52.46904164,55.99798637,66.64915867,68.0286702,68.58784105,68.58784105,67.204547,68.73885691,69.19438505,69.19438505,68.35338698,65.77970549,62.51926871,62.13175719,69.19438505,68.58784105,68.58784105,64.89176052,64.89176052
5,0,0,70,69.21084675,65.08065501,64.89176052,65.20130869,65.14805702,66.68378268,67.29743231,64.21102941,64.16567595,64.25158222,64.25158222,64.25158222,56.72990915,56.72990915,56.72990915,56.91092647,62.96273634,63.96078918,65.46658221,69.04361312,69.17032656,68.94330105,65.1408637,53.83892448,57.03685866,68.0286702,68.65467165,68.97282251,68.97282251,68.58784105,69.19438505,69.52443685,69.52443685,65.77970549,65.00352159,62.53863555,62.51926871,69.52443685,68.97282251,68.97282251,65.00425007,65.00425007
5,0,10,70,69.48551436,65.21042456,65.00425007,65.14805702,65.60582789,66.6102591,66.68378268,63.30805387,64.25158222,64.39495063,64.39495063,64.39495063,56.36967326,56.36967326,56.36967326,56.72990915,62.61346872,63.45018382,65.35656368,68.95598225,69.14340932,68.87966789,64.96974031,54.28307599,57.46999746,68.65467165,67.9515326,68.72688732,68.72688732,68.97282251,69.52443685,69.34902544,69.34902544,65.00352159,67.31083663,62.56935558,62.53863555,69.34902544,68.72688732,68.72688732,65.08679534,65.08679534
5,0,20,70,69.29120429,64.99894618,65.08679534,65.60582789,65.56294516,66.78329248,66.6102591,62.83598856,64.39495063,64.20661087,64.20661087,64.20661087,56.68868535,56.68868535,56.68868535,56.36967326,62.45286068,64.02398677,65.2997372,68.90340077,69.0033596,68.69784872,64.5131713,54.15936912,57.68519353,67.9515326,68.62396858,68.68918663,68.68918663,68.72688732,69.34902544,69.44199463,69.44199463,67.31083663,67.02491497,62.57747055,62.56935558,69.44199463,68.68918663,68.68918663,65.19165475,65.19165475
5,0,30,70,69.21729198,65.25572653,65.19165475,65.56294516,65.67121564,67.24704048,66.78329248,63.17583969,64.20661087,64.11115714,64.11115714,64.11115714,56.39388702,56.39388702,56.39388702,56.68868535,62.85584599,64.03728273,65.37778649,68.77899348,68.88025557,68.73701855,65.38761362,54.11216115,57.57362417,68.62396858,68.65058695,68.70934003,68.70934003,68.68918663,69.44199463,69.387537,69.387537,67.02491497,67.84370444,61.45062236,62.57747055,69.387537,68.70934003,68.70934003,65.33320057,65.33320057
5,0,40,70,69.29792421,65.373686,65.33320057,65.67121564,65.90428293,67.14506886,67.24704048,63.29483937,64.11115714,64.26017553,64.26017553,64.26017553,56.50527194,56.50527194,56.50527194,56.39388702,62.8318403,63.86021526,65.11545221,68.66355801,68.80429212,68.52279717,65.42691603,53.99362543,57.65769413,68.65058695,68.54196628,68.76937761,68.76937761,68.70934003,69.387537,69.46796535,69.46796535,67.84370444,67.02435405,62.44811989,61.45062236,69.46796535,68.76937761,68.76937761,65.56836533,65.56836533
5,0,50,70,69.28438892,65.60201379,65.56836533,65.90428293,65.71793405,66.59369748,67.14506886,63.76023511,64.26017553,64.07343654,64.07343654,64.07343654,56.27156062,56.27156062,56.27156062,56.50527194,62.03669468,63.45037348,65.42819701,68.7582979,68.76504211,68.67499465,65.4409437,53.39051271,57.16480588,68.54196628,68.45059859,68.60196251,68.60196251,68.76937761,69.46796535,69.25132452,69.25132452,67.02435405,66.85459026,62.35795331,62.44811989,69.25132452,68.60196251,68.60196251,65.11330508,65.11330508
5,1,0,70,69.28910969,65.19441289,65.11330508,65.71793405,65.74555158,66.96796218,66.59369748,63.37669883,64.07343654,64.14449697,64.14449697,64.14449697,56.45934939,56.45934939,56.45934939,56.27156062,61.98518519,63.07725354,65.27860419,68.7184709,68.5900129,68.50353532,65.39213165,53.87638973,57.51052761,68.45059859,68.31899167,68.38598438,68.38598438,68.60196251,69.25132452,69.27725531,69.27725531,66.85459026,65.85867032,62.32196528,62.35795331,69.27725531,68.38598438,68.38598438,65.30085955,65.30085955
5,1,10,70,69.29690846,65.32424769,65.30085955,65.74555158,65.69244024,67.0788282,66.96796218,62.65127412,64.14449697,64.04368596,64.04368596,64.04368596,56.42342581,56.42342581,56.42342581,56.45934939,62.78148634,64.07621674,65.28240151,68.74472539,68.77868817,68.55289144,65.35535872,54.58193131,57.56495992,68.31899167,68.42556263,68.49564423,68.49564423,68.38598438,69.27725531,69.17607212,69.17607212,65.85867032,67.01846473,62.18403549,62.32196528,69.17607212,68.49564423,68.49564423,65.51737983,65.51737983
5,1,20,70,69.03589958,65.60343478,65.51737983,65.69244024,65.82461945,65.9175712,67.0788282,63.66715232,64.04368596,63.85297181,63.85297181,63.85297181,56.2877917,56.2877917,56.2877917,56.42342581,61.3304651,63.68437986,65.39469012,68.80663725,68.89478785,68.51195041,65.41468841,54.52644058,57.64470128,68.42556263,68.25734089,68.28183767,68.28183767,68.49564423,69.17607212,69.22575224,69.22575224,67.01846473,65.8584554,61.99270781,62.18403549,69.22575224,68.28183767,68.28183767,65.28706257,65.28706257
5,1,30,70,69.14216374,65.35256623,65.28706257,65.82461945,65.69640769,66.64843021,65.9175712,62.08331064,63.85297181,63.77640483,63.77640483,63.77640483,56.04251058,56.04251058,56.04251058,56.2877917,62.6372549,64.11594499,65.1913311,68.60000504,68.77311885,68.09614086,65.10322186,55.0411797,57.62538919,68.25734089,68.03345663,68.18002183,68.18002183,68.28183767,69.22575224,69.01475042,69.01475042,65.8584554,66.28713573,62.11541749,61.99270781,69.01475042,68.18002183,68.18002183,65.14677506,65.14677506
5,1,40,70,69.28901222,65.41390512,65.14677506,65.69640769,65.39826926,65.59883954,66.64843021,62.56107026,63.77640483,63.67111229,63.67111229,63.67111229,55.42514041,55.42514041,55.42514041,56.04251058,61.72672579,63.17566078,65.039809,68.41469306,68.67740305,68.07501745,65.27691158,54.60077609,57.43004918,68.03345663,67.88298934,68.47348804,68.47348804,68.18002183,69.01475042,69.15856981,69.15856981,66.28713573,65.64425804,61.94493552,62.11541749,69.15856981,68.47348804,68.47348804,65.24282407,65.24282407
5,1,50,70,69.20187515,65.64960682,65.24282407,65.39826926,65.25211908,66.27187625,65.59883954,62.07948893,63.67111229,63.82096938,63.82096938,63.82096938,55.64878393,55.64878393,55.64878393,55.42514041,60.8724469,63.23122277,64.66814264,68.21092125,68.36385784,67.77807308,65.07908535,54.66547232,57.37551349,67.88298934,67.69544525,67.82048339,67.82048339,68.47348804,69.15856981,69.03928328,69.03928328,65.64425804,64.20831561,61.78687012,61.94493552,69.03928328,67.82048339,67.82048339,64.84148883,64.84148883
5,2,0,70,69.1028467,65.16500437,64.84148883,65.25211908,65.64740691,65.54606092,66.27187625,61.69178986,63.82096938,63.65228664,63.65228664,63.65228664,56.0957316,56.0957316,56.0957316,55.64878393,62.20393773,63.88550061,64.75657253,68.10784661,68.24931863,67.94115825,65.14931963,54.48408775,57.38864406,67.69544525,68.10614729,68.30333434,68.30333434,67.82048339,69.03928328,69.12922249,69.12922249,64.20831561,64.13646728,61.70618563,61.78687012,69.12922249,68.30333434,68.30333434,65.22076457,65.22076457
5,2,10,70,69.15319561,65.39783522,65.22076457,65.64740691,65.32269737,66.3549253,65.54606092,61.82355211,63.65228664,63.36642274,63.36642274,63.36642274,55.52785749,55.52785749,55.52785749,56.0957316,61.97794028,63.67024692,64.89896528,68.48994728,68.69796618,68.32309827,64.8446869,54.54731525,57.35309693,68.10614729,67.432453,68.018167,68.018167,68.30333434,69.12922249,68.87337468,68.87337468,64.13646728,65.71582781,61.48602558,61.70618563,68.87337468,68.018167,68.018167,65.48273931,65.48273931
5,2,20,70,69.06844914,65.67464223,65.48273931,65.32269737,65.38997141,67.03708567,66.3549253,61.84372731,63.36642274,63.33876824,63.33876824,63.33876824,55.1565555,55.1565555,55.1565555,55.52785749,61.46133032,63.46468733,64.43068087,67.99459123,68.20828835,67.74972171,64.99851584,54.4241692,57.10276534,67.432453,67.90661011,67.77960131,67.77960131,68.018167,68.87337468,68.72366944,68.72366944,65.71582781,63.89655119,61.09385398,61.48602558,68.72366944,67.77960131,67.77960131,65.26598243,65.26598243
5,2,30,70,68.84048609,65.49017638,65.26598243,65.38997141,65.45596728,66.31257003,67.03708567,62.78690995,63.33876824,63.35297495,63.35297495,63.35297495,54.73517173,54.73517173,54.73517173,55.1565555,60.97768822,62.78602739,64.33700983,68.00674224,68.31041312,68.14320156,64.99554713,54.62147936,57.31350339,67.90661011,67.78492158,67.7229546,67.7229546,67.77960131,68.72366944,68.68608159,68.68608159,63.89655119,65.15228375,60.92916928,61.09385398,68.68608159,67.7229546,67.7229546,64.91823427,64.91823427
5,2,40,70,68.93388755,65.13875746,64.91823427,65.45596728,65.10783346,64.58012955,66.31257003,62.60819717,63.35297495,63.12522242,63.12522242,63.12522242,54.78114796,54.78114796,54.78114796,54.73517173,60.96680882,62.8047634,64.20450917,68.09069742,68.4064539,68.04132206,64.78960555,53.87848252,57.11524021,67.78492158,67.15118653,67.80507761,67.80507761,67.7229546,68.68608159,68.97898191,68.97898191,65.15228375,65.25396215,61.28265513,60.92916928,68.97898191,67.80507761,67.80507761,65.40835376,65.40835376
5,2,50,70,68.94244611,65.62338498,65.40835376,65.10783346,65.22503729,66.04225023,64.58012955,60.73804401,63.12522242,63.06608157,63.06608157,63.06608157,54.97367461,54.97367461,54.97367461,54.78114796,59.96188568,61.86262098,63.6755525,67.48270845,67.50488668,67.25736156,64.67499024,54.15661307,56.70846867,67.15118653,67.36013362,67.3729299,67.3729299,67.80507761,68.97898191,68.61656418,68.61656418,65.25396215,63.43694029,60.73270738,61.28265513,68.61656418,67.3729299,67.3729299,65.27776757,65.27776757
5,3,0,70,69.04404256,65.63616752,65.27776757,65.22503729,65.35656067,66.48486228,66.04225023,62.06983025,63.06608157,62.92797522,62.92797522,62.92797522,54.19145316,54.19145316,54.19145316,54.97367461,60.53056222,62.63548378,63.92866344,67.44486284,67.46439387,67.03856518,64.29242311,54.11313435,56.62672861,67.36013362,66.62190079,66.93121379,66.93121379,67.3729299,68.61656418,68.3696106,68.3696106,63.43694029,63.88875772,60.98262227,60.73270738,68.3696106,66.93121379,66.93121379,65.65918777,65.65918777
5,3,10,70,69.20163609,66.00900245,65.65918777,65.35656067,65.93272936,65.5014881,66.48486228,61.90277778,62.92797522,63.45976675,63.45976675,63.45976675,54.37195644,54.37195644,54.37195644,54.19145316,60.92992328,63.06898141,63.58098174,67.22224554,67.40074684,66.94001326,63.54163137,53.34831203,56.37696102,66.62190079,66.57266451,67.07038116,67.07038116,66.93121379,68.3696106,68.47854437,68.47854437,63.88875772,62.29913204,60.2944333,60.98262227,68.47854437,67.07038116,67.07038116,65.83885144,65.83885144
5,3,20,70,69.11810751,66.30225816,65.83885144,65.93272936,65.78302696,65.2208275,65.5014881,61.95011801,63.45976675,63.131284,63.131284,63.131284,54.72959241,54.72959241,54.72959241,54.37195644,59.81660247,61.74995429,63.23524856,66.9135748,67.62767713,67.377672,64.27512613,53.85740055,56.0920266,66.57266451,67.24337109,67.21668068,67.21668068,67.07038116,68.47854437,68.67406303,68.67406303,62.29913204,64.43697286,60.50435433,60.2944333,68.67406303,67.21668068,67.21668068,65.63106618,65.63106618
5,3,30,70,69.17907712,66.13975328,65.63106618,65.78302696,65.81687951,65.32883987,65.2208275,61.40025418,63.131284,62.46585051,62.46585051,62.46585051,54.22631317,54.22631317,54.22631317,54.72959241,59.91388344,61.97336973,63.41153091,67.14858905,67.32054035,66.60769297,64.38765301,53.75507913,56.50622245,67.24337109,65.92144624,66.58768983,66.58768983,67.21668068,68.67406303,68.44230172,68.44230172,64.43697286,63.85871855,60.67677705,60.50435433,68.44230172,66.58768983,66.58768983,65.43353077,65.43353077
5,3,40,70,68.68795951,65.83344737,65.43353077,65.81687951,65.25937178,65.01759454,65.32883987,61.15604575,62.46585051,62.33046058,62.33046058,62.33046058,54.48304702,54.48304702,54.48304702,54.22631317,59.08913107,61.11022993,63.18584752,66.85110851,67.10438086,66.08939234,63.21948775,52.49331012,55.15596771,65.92144624,64.97271225,66.11019288,66.11019288,66.58768983,68.44230172,67.89879364,67.89879364,63.85871855,65.05003865,60.58729518,60.67677705,67.89879364,66.11019288,66.11019288,64.95144846,64.95144846
5,3,50,70,68.96663335,65.52358393,64.95144846,65.25937178,65.57205673,65.03741497,65.01759454,61.35607298,62.33046058,63.26027627,63.26027627,63.26027627,53.18569652,53.18569652,53.18569652,54.48304702,58.63784685,60.42369977,62.80622149,66.31755048,66.74625768,65.70409276,62.35805201,52.96082731,55.23240592,64.97271225,64.45738773,65.48210741,65.48210741,66.11019288,67.89879364,67.83576277,67.83576277,65.05003865,64.62895067,60.07421973,60.58729518,67.83576277,65.48210741,65.48210741,65.76427674,65.76427674
5,4,0,70,68.56039028,66.12126922,65.76427674,65.57205673,65.2748396,64.90420168,65.03741497,61.59153439,63.26027627,62.75000482,62.75000482,62.75000482,53.00824735,53.00824735,53.00824735,53.18569652,58.17357226,59.78086393,61.85605613,65.85853027,66.57162534,65.42083999,61.83943209,52.33928287,54.41071022,64.45738773,64.10146741,66.17487572,66.17487572,65.48210741,67.83576277,68.04498879,68.04498879,64.62895067,63.13522669,59.89343177,60.07421973,68.04498879,66.17487572,66.17487572,65.45667474,65.45667474
5,4,10,70,68.83702531,65.7514409,65.45667474,65.2748396,64.79787769,64.4795195,64.90420168,61.51734749,62.75000482,62.42141864,62.42141864,62.42141864,52.80521624,52.80521624,52.80521624,53.00824735,57.44472123,60.19278388,61.93426498,65.59606553,66.32549452,65.95864046,61.29276722,51.89009737,54.16280115,64.10146741,64.16520011,65.75872996,65.75872996,66.17487572,68.04498879,68.09791091,68.09791091,63.13522669,62.96294623,59.64016569,59.89343177,68.09791091,65.75872996,65.75872996,64.8715704,64.8715704
5,4,20,70,68.64178033,65.46429178,64.8715704,64.79787769,65.38818561,64.6147584,64.4795195,60.74444863,62.42141864,62.17818187,62.17818187,62.17818187,52.08251801,52.08251801,52.08251801,52.80521624,58.33318089,60.48148271,61.99940712,65.25086471,66.10224952,64.01851678,61.63885964,51.71197055,53.76507084,64.16520011,63.58890491,66.16038861,66.16038861,65.75872996,68.09791091,68.16696386,68.16696386,62.96294623,62.92830299,60.48894469,59.64016569,68.16696386,66.16038861,66.16038861,65.1319924,65.1319924
5,4,30,70,68.53354839,65.8221423,65.1319924,65.38818561,65.01538266,65.72848389,64.6147584,62.03046024,62.17818187,62.45231978,62.45231978,62.45231978,53.95214785,53.95214785,53.95214785,52.08251801,56.15927036,59.2696223,61.66135703,65.02188583,65.37959619,63.07865228,60.8301741,51.44679152,53.68034197,63.58890491,64.29295541,66.06936307,66.06936307,66.16038861,68.16696386,68.16625158,68.16625158,62.92830299,63.37319757,60.92547377,60.48894469,68.16625158,66.06936307,66.06936307,64.60601911,64.60601911
5,4,40,70,68.79512737,65.17587814,64.60601911,65.01538266,64.49374227,64.6720063,65.72848389,62.67381536,62.45231978,61.88781229,61.88781229,61.88781229,53.66516088,53.66516088,53.66516088,53.95214785,58.48602941,60.67237745,62.46797012,65.89325587,66.49009612,65.80057432,61.75891487,52.15988362,54.87771945,64.29295541,65.01762069,66.1205006,66.1205006,66.06936307,68.16625158,68.28464406,68.28464406,63.37319757,64.15048896,60.85813294,60.92547377,68.28464406,66.1205006,66.1205006,64.18653382,64.18653382
5,4,50,70,68.55969889,65.24233209,64.18653382,64.49374227,64.03947734,64.69709967,64.6720063,61.36376634,61.88781229,61.38481537,61.38481537,61.38481537,53.97856895,53.97856895,53.97856895,53.66516088,58.10902499,61.27127289,62.52189908,66.11353218,66.10874952,65.4188206,61.65525365,52.44012701,54.6283083,65.01762069,64.96579783,66.58526777,66.58526777,66.1205006,68.28464406,68.46742446,68.46742446,64.15048896,63.85011804,60.63573871,60.85813294,68.46742446,66.58526777,66.58526777,63.95463022,63.95463022
5,5,0,70,68.93498091,65.05436955,63.95463022,64.03947734,64.45394917,65.09477124,64.69709967,62.01261801,61.38481537,61.6400629,61.6400629,61.6400629,54.35693562,54.35693562,54.35693562,53.97856895,58.48492647,60.64344188,62.61495857,66.32214741,66.61427872,65.740509,61.98466832,52.09609601,54.95007926,64.96579783,64.99675517,66.88536521,66.88536521,66.58526777,68.46742446,68.83402723,68.83402723,63.85011804,66.18503612,61.55840044,60.63573871,68.83402723,66.88536521,66.88536521,63.77361111,63.77361111
5,5,10,70,68.77895544,64.96552491,63.77361111,64.45394917,64.61396286,64.84987745,65.09477124,61.97896566,61.6400629,62.23862982,62.23862982,62.23862982,54.66659122,54.66659122,54.66659122,54.35693562,58.20149752,60.84996041,63.1735049,66.72936435,67.02656256,66.68097912,62.79903327,52.11757215,54.77958987,64.99675517,66.04088119,67.1744431,67.1744431,66.88536521,68.83402723,68.7839938,68.7839938,66.18503612,64.7388435,61.65710274,61.55840044,68.7839938,67.1744431,67.1744431,64.19948139,64.19948139
5,5,20,70,68.76907339,65.18349496,64.19948139,64.61396286,64.03251839,64.06755952,64.84987745,61.50565087,62.23862982,61.7376356,61.7376356,61.7376356,55.25629879,55.25629879,55.25629879,54.66659122,57.987161,60.1655077,63.12659236,66.85505594,67.18350872,66.57613368,62.51778635,52.34740723,55.2882718,66.04088119,66.88072871,67.84587329,67.84587329,67.1744431,68.7839938,69.14941323,69.14941323,64.7388435,66.31509287,61.76518683,61.65710274,69.14941323,67.84587329,67.84587329,63.46073103,63.46073103
5,5,30,70,68.78627525,64.73754516,63.46073103,64.03251839,64.57697261,65.3919993,64.06755952,60.97066993,61.7376356,60.62929732,60.62929732,60.62929732,55.28673269,55.28673269,55.28673269,55.25629879,59.64696078,60.99383987,63.55992315,67.42251537,67.7849003,67.49956194,62.97198904,52.56268154,56.17579261,66.88072871,66.94685914,68.33067167,68.33067167,67.84587329,69.14941323,69.27972247,69.27972247,66.31509287,68.41847954,62.25862676,61.76518683,69.27972247,68.33067167,68.33067167,64.43614663,64.43614663
5,5,40,70,68.52630364,65.1077792,64.43614663,64.57697261,64.47336816,65.2342437,65.3919993,61.06548203,60.62929732,61.65858242,61.65858242,61.65858242,54.98129044,54.98129044,54.98129044,55.28673269,59.81032913,61.10478758,63.63376691,67.34090335,67.69707691,67.27812235,62.53637504,52.12885327,56.01805437,66.94685914,66.51128528,67.74940395,67.74940395,68.33067167,69.27972247,69.1802979,69.1802979,68.41847954,65.7909395,61.58558481,62.25862676,69.1802979,67.74940395,67.74940395,64.29869459,64.29869459
5,5,50,70,68.39058575,64.77003867,64.29869459,64.47336816,64.49702227,64.8005077,65.2342437,61.7124183,61.65858242,61.14714658,61.14714658,61.14714658,54.99217771,54.99217771,54.99217771,54.98129044,58.42525075,60.14022624,63.37990715,67.21757583,67.3775634,66.97270427,62.62244958,51.93513798,55.64418198,66.51128528,66.37593444,68.14561164,68.14561164,67.74940395,69.1802979,69.27196579,69.27196579,65.7909395,67.17077757,60.78385143,61.58558481,69.27196579,68.14561164,68.14561164,64.15335627,64.15335627
5,6,0,70,68.41160329,64.93008743,64.15335627,64.49702227,64.26288224,65.37762605,64.8005077,60.925,61.14714658,61.41260291,61.41260291,61.41260291,55.37417234,55.37417234,55.37417234,54.99217771,58.79764463,60.2709496,63.61033467,67.51474461,67.95360294,67.69470028,62.78584823,52.15573676,55.8773579,66.37593444,67.23180992,67.92014679,67.92014679,68.14561164,69.27196579,69.35844125,69.35844125,67.17077757,66.74115896,61.98563496,60.78385143,69.35844125,67.92014679,67.92014679,64.21406294,64.21406294
5,6,10,70,68.96891489,64.97726804,64.21406294,64.26288224,64.39321404,65.65320378,65.37762605,61.64792121,61.41260291,61.3965736,61.3965736,61.3965736,55.52977634,55.52977634,55.52977634,55.37417234,59.84066877,60.97253151,63.7901536,67.78765132,68.15707642,67.84743446,62.85655821,51.958993,56.17653999,67.23180992,67.2814237,68.19278088,68.19278088,67.92014679,69.35844125,69.25539161,69.25539161,66.74115896,68.73478081,61.10343407,61.98563496,69.25539161,68.19278088,68.19278088,64.33475292,64.33475292
5,6,20,70,69.11059442,65.00575865,64.33475292,64.39321404,63.94489274,65.56827731,65.65320378,61.48856209,61.3965736,61.42334411,61.42334411,61.42334411,56.26584686,56.26584686,56.26584686,55.52977634,59.33595762,59.54208639,63.71453487,67.760773,67.89142286,67.91287256,62.86884756,51.71899333,56.18081862,67.2814237,67.82164171,68.29863358,68.29863358,68.19278088,69.25539161,69.42962446,69.42962446,68.73478081,67.6169993,58.53533782,61.10343407,69.42962446,68.29863358,68.29863358,64.14004289,64.14004289
5,6,30,70,69.29002733,64.82909664,64.14004289,63.94489274,63.76246962,65.68040966,65.56827731,62.04595588,61.42334411,61.61438065,61.61438065,61.61438065,56.2316025,56.2316025,56.2316025,56.26584686,58.87967145,59.14351074,64.08033606,68.23037872,68.35318642,68.29459652,62.92284079,51.62351286,56.28706248,67.82164171,67.58888888,68.2990202,68.2990202,68.29863358,69.42962446,69.29374682,69.29374682,67.6169993,68.21738625,55.32733321,58.53533782,69.29374682,68.2990202,68.2990202,64.50137357,64.50137357
5,6,40,70,69.31644236,64.93185034,64.50137357,63.76246962,63.69383275,64.85982143,65.68040966,61.82328431,61.61438065,61.9415548,61.9415548,61.9415548,56.65047989,56.65047989,56.65047989,56.2316025,58.6525356,59.17438434,64.00646596,68.15676219,68.25620557,68.30573564,62.70490194,51.45326494,56.36095876,67.58888888,67.64154465,67.34707019,67.34707019,68.2990202,69.29374682,67.92102711,67.92102711,68.21738625,64.36008841,42.96887351,55.32733321,67.92102711,67.34707019,67.34707019,64.42899986,64.42899986
5,6,50,70,69.26096619,64.74350539,64.42899986,63.69383275,63.95217236,64.92589286,64.85982143,61.12320261,61.9415548,61.50289627,61.50289627,61.50289627,56.60102462,56.60102462,56.60102462,56.65047989,60.97847806,61.1911969,63.94231472,68.17433197,68.47929762,68.2330987,62.57011502,51.07419058,56.13581914,67.64154465,67.05925346,65.94272802,65.94272802,67.34707019,67.92102711,66.70489859,66.70489859,64.36008841,63.60526923,38.26118751,42.96887351,66.70489859,65.94272802,65.94272802,64.50094295,64.50094295
5,7,0,70,69.47528534,64.74499616,64.50094295,63.95217236,62.72976161,64.86397059,64.92589286,60.33925654,61.50289627,60.30608998,60.30608998,60.30608998,55.9849605,55.9849605,55.9849605,56.60102462,61.41061725,60.75419023,63.59336945,68.16232404,68.4534178,68.16031363,62.01430055,50.4940943,55.62188494,67.05925346,64.26194269,61.68653631,61.68653631,65.94272802,66.70489859,63.35271175,63.35271175,63.60526923,56.21473881,30.52517719,38.26118751,63.35271175,61.68653631,61.68653631,64.17560764,64.17560764
5,7,10,70,69.32050172,64.55670851,64.17560764,62.72976161,62.68252663,64.27218137,64.86397059,58.73867556,60.30608998,59.57325618,59.57325618,59.57325618,55.83036388,55.83036388,55.83036388,55.9849605,60.79017857,59.66802346,61.93809082,66.55708218,67.38849921,67.84605548,60.54301222,48.88549394,53.33010423,64.26194269,60.18680713,55.43584913,55.43584913,61.68653631,63.35271175,59.13239779,59.13239779,56.21473881,43.50356834,22.09752896,30.52517719,59.13239779,55.43584913,55.43584913,64.00998746,64.00998746
5,7,20,70,69.30643332,64.19160532,64.00998746,62.68252663,62.10688788,63.69673892,64.27218137,56.62928922,59.57325618,58.09675805,58.09675805,58.09675805,56.15781199,56.15781199,56.15781199,55.83036388,60.51672009,59.11629116,60.96781523,65.43270135,66.01843889,66.35765682,58.93805619,45.47894947,49.27284706,60.18680713,60.56794414,52.67594112,52.67594112,55.43584913,59.13239779,54.24888787,54.24888787,43.50356834,31.58114918,19.95071826,22.09752896,54.24888787,52.67594112,52.67594112,63.546298,63.546298
5,7,30,70,69.14936064,63.92192,63.546298,62.10688788,61.69237054,59.42962185,63.69673892,56.13929739,58.09675805,55.92888171,55.92888171,55.92888171,55.14631563,55.14631563,55.14631563,56.15781199,60.63883345,59.45809407,61.42388921,65.8452149,65.24718477,66.90106079,59.68025402,45.44928851,48.99972143,60.56794414,59.68681372,48.9236438,48.9236438,52.67594112,54.24888787,47.84616865,47.84616865,31.58114918,27.64492544,19.8381053,19.95071826,47.84616865,48.9236438,48.9236438,63.59726648,63.59726648
5,7,40,70,69.08750654,63.94925547,63.59726648,61.69237054,61.39887297,50.48899727,59.42962185,53.10784314,55.92888171,55.43705564,55.43705564,55.43705564,55.38917721,55.38917721,55.38917721,55.14631563,60.44985007,59.14137668,61.48089745,66.50654015,66.1903104,67.36594711,60.86857998,46.06410953,48.07578035,59.68681372,58.07080276,45.91046877,45.91046877,48.9236438,47.84616865,43.93466,43.93466,27.64492544,26.77749749,20.29458895,19.8381053,43.93466,45.91046877,45.91046877,62.94847154,62.94847154
5,7,50,70,68.76312436,63.35256242,62.94847154,61.39887297,61.28983472,50.52836134,50.48899727,45.04105392,55.43705564,55.02382021,55.02382021,55.02382021,55.11725367,55.11725367,55.11725367,55.38917721,60.02959312,58.80668521,61.1062802,66.06021141,65.84977795,66.59073881,60.32658686,44.99468104,46.05125834,58.07080276,56.27371955,45.97001805,45.97001805,45.91046877,43.93466,43.56582406,43.56582406,26.77749749,27.98997865,21.39366306,20.29458895,43.56582406,45.97001805,45.97001805,62.45840142,62.45840142
5,8,0,70,68.64421866,63.1410676,62.45840142,61.28983472,58.19188469,50.79898459,50.52836134,44.3500817,55.02382021,54.88062793,54.88062793,54.88062793,54.34656417,54.34656417,54.34656417,55.11725367,60.46312397,59.07282576,61.02928346,65.65755245,65.57663147,66.8304312,60.36097868,44.96918439,46.07968194,56.27371955,53.80399441,44.07504887,44.07504887,45.97001805,43.56582406,42.42705748,42.42705748,27.98997865,27.9800747,22.33890744,21.39366306,42.42705748,44.07504887,44.07504887,61.35532067,61.35532067
5,8,10,70,68.04629921,62.53148859,61.35532067,58.19188469,53.97289467,44.87106092,50.79898459,46.35646786,54.88062793,52.81966037,52.81966037,52.81966037,53.88623084,53.88623084,53.88623084,54.34656417,59.33377886,58.09280664,60.09912248,65.18990624,64.08576488,66.65315553,58.5207657,43.26964417,44.27818089,53.80399441,49.271863,42.91845053,42.91845053,44.07504887,42.42705748,42.15676897,42.15676897,27.9800747,26.69845111,22.36372427,22.33890744,42.15676897,42.91845053,42.91845053,57.98337248,57.98337248
5,8,20,70,68.10928726,61.52837795,57.98337248,53.97289467,52.95852413,37.31941527,44.87106092,43.06372549,52.81966037,51.59322243,51.59322243,51.59322243,52.96341638,52.96341638,52.96341638,53.88623084,58.33630952,56.58402194,58.05739964,62.95397546,62.85325702,65.56965678,54.7573684,40.75872622,42.25853405,49.271863,46.32466197,41.01585728,41.01585728,42.91845053,42.15676897,40.80439224,40.80439224,26.69845111,26.79404569,21.83874535,22.36372427,40.80439224,41.01585728,41.01585728,56.22103418,56.22103418
5,8,30,70,66.78909912,60.67595048,56.22103418,52.95852413,54.20959706,36.27284664,37.31941527,40.17340686,51.59322243,51.1601619,51.1601619,51.1601619,52.80837945,52.80837945,52.80837945,52.96341638,57.76248721,54.31297546,56.36966036,61.14941712,61.42130852,63.42306707,51.96006767,40.25143737,41.68708483,46.32466197,47.87371686,42.45527755,42.45527755,41.01585728,40.80439224,43.52794328,43.52794328,26.79404569,26.71912811,21.92825268,21.83874535,43.52794328,42.45527755,42.45527755,55.20818015,55.20818015
5,8,40,70,67.20026383,59.72682275,55.20818015,54.20959706,57.83853439,36.57457983,36.27284664,39.89311002,51.1601619,51.11468202,51.11468202,51.11468202,53.81745028,53.81745028,53.81745028,52.80837945,58.84691069,56.1480749,56.5318111,60.96190786,61.55832217,64.04998097,53.46304854,39.80122742,41.07082554,47.87371686,53.36769317,43.88995487,43.88995487,42.45527755,43.52794328,42.03410771,42.03410771,26.71912811,27.24351951,22.52231798,21.92825268,42.03410771,43.88995487,43.88995487,57.97832317,57.97832317
5,8,50,69.19230769,67.62571426,60.74164998,57.97832317,57.83853439,60.24245894,47.23214286,36.57457983,40.38974673,51.11468202,51.88286762,51.88286762,51.88286762,54.18456171,54.18456171,54.18456171,53.81745028,58.88718804,57.5036535,59.08058,64.24095268,64.35161883,65.33079732,54.52632077,43.17428136,45.24303508,53.36769317,54.88185841,47.79367785,47.79367785,43.88995487,42.03410771,45.82022731,45.82022731,27.24351951,31.67233134,23.11105343,22.52231798,45.82022731,47.79367785,47.79367785,62.18735614,62.18735614
5,9,0,70,67.92052215,63.24236627,62.18735614,60.24245894,60.78315497,46.36712185,47.23214286,40.80209695,51.88286762,52.68136821,52.68136821,52.68136821,53.95420896,53.95420896,53.95420896,54.18456171,57.9282679,57.1466911,59.81114011,64.76770885,65.49361101,65.43013063,56.84350847,43.63759964,45.15530674,54.88185841,59.53605194,50.68783533,50.68783533,47.79367785,45.82022731,50.83238962,50.83238962,31.67233134,37.69755753,24.14864813,23.11105343,50.83238962,50.68783533,50.68783533,62.34141446,62.34141446
5,9,10,70,67.87292494,62.79512459,62.34141446,60.78315497,59.55967585,46.99396008,46.36712185,40.88683279,52.68136821,52.57825301,52.57825301,52.57825301,52.32905093,52.32905093,52.32905093,53.95420896,60.02677808,58.40733656,58.91335374,63.17585669,63.81594852,63.26615322,57.19979697,42.96402847,45.12770388,59.53605194,57.43415508,52.45135202,52.45135202,50.68783533,50.83238962,56.04220481,56.04220481,37.69755753,42.22636534,25.60749026,24.14864813,56.04220481,52.45135202,52.45135202,60.89558468,60.89558468
5,9,20,70,68.74873276,62.64346526,60.89558468,59.55967585,58.2025106,48.42981443,46.99396008,43.90623638,52.57825301,51.95010916,51.95010916,51.95010916,51.81448022,51.81448022,51.81448022,52.32905093,57.87300443,57.40503498,56.60732177,61.09171761,60.40349019,62.72067535,55.92721324,41.3570414,44.14063709,57.43415508,54.57730296,54.30353611,54.30353611,52.45135202,56.04220481,58.32013131,58.32013131,42.22636534,44.74552304,25.87736941,25.60749026,58.32013131,54.30353611,54.30353611,60.48562624,60.48562624
5,9,30,70,68.28827434,62.03568403,60.48562624,58.2025106,59.85097075,48.8352591,48.42981443,44.11029412,51.95010916,53.15260908,53.15260908,53.15260908,51.93555391,51.93555391,51.93555391,51.81448022,53.27790714,52.26126089,54.26325651,59.38929054,58.05822267,60.84594776,54.38863377,41.71223354,44.68527945,54.57730296,54.72316143,56.23132504,56.23132504,54.30353611,58.32013131,60.34171671,60.34171671,44.74552304,44.78403102,26.55658627,25.87736941,60.34171671,56.23132504,56.23132504,61.88472073,61.88472073
5,9,40,70,68.64310785,63.03159039,61.88472073,59.85097075,61.25349418,48.58445378,48.8352591,43.40557371,53.15260908,53.96606846,53.96606846,53.96606846,52.6454587,52.6454587,52.6454587,51.93555391,53.13828206,52.41829365,54.94816483,59.34934024,59.46545702,59.74132156,53.00724139,40.92144124,44.0292844,54.72316143,54.33247869,58.55265495,58.55265495,56.23132504,60.34171671,62.21592416,62.21592416,44.78403102,44.62294738,29.43230261,26.55658627,62.21592416,58.55265495,58.55265495,62.86308255,62.86308255
5,9,50,70,68.45454676,63.51843768,62.86308255,61.25349418,61.84122915,55.3595063,48.58445378,43.22691993,53.96606846,55.23410312,55.23410312,55.23410312,53.04335135,53.04335135,53.04335135,52.6454587,53.13937908,52.3204793,56.42208513,61.00635678,61.25595763,56.28393798,51.02048577,40.84893676,44.32146983,54.33247869,53.10805099,59.51203377,59.51203377,58.55265495,62.21592416,63.70262449,63.70262449,44.62294738,50.43480723,33.26336968,29.43230261,63.70262449,59.51203377,59.51203377,62.6387912,62.6387912
5,10,0,70,68.63116929,62.98328665,62.6387912,61.84122915,61.83303449,57.27057073,55.3595063,46.81432462,55.23410312,56.06709468,56.06709468,56.06709468,52.94961129,52.94961129,52.94961129,53.04335135,52.56058201,51.85808337,56.75813284,62.00991274,63.82942405,59.31245661,52.21838083,42.54702657,45.27240818,53.10805099,54.08099219,60.64061029,60.64061029,59.51203377,63.70262449,65.34768174,65.34768174,50.43480723,55.63586214,37.05642779,33.26336968,65.34768174,60.64061029,60.64061029,63.38906117,63.38906117
5,10,10,70,68.90183735,63.48334698,63.38906117,61.83303449,61.7619754,61.60110294,57.27057073,53.29689542,56.06709468,54.94765662,54.94765662,54.94765662,52.65385909,52.65385909,52.65385909,52.94961129,52.88423243,52.34302864,57.43814287,62.30632437,63.81674068,59.36244649,53.59514898,44.48995891,46.54095623,54.08099219,52.89714243,62.08433129,62.08433129,60.64061029,65.34768174,65.58593436,65.58593436,55.63586214,55.19231781,39.67149276,37.05642779,65.58593436,62.08433129,62.08433129,62.87283497,62.87283497
5,10,20,70,68.69459575,63.09875087,62.87283497,61.7619754,61.76463708,58.92233456,61.60110294,55.67413308,54.94765662,54.78374631,54.78374631,54.78374631,52.92311427,52.92311427,52.92311427,52.65385909,49.18836909,48.82199514,57.23337984,62.17193559,62.8895225,57.94092334,52.25894128,43.8647042,46.93484169,52.89714243,53.14707024,61.01098491,61.01098491,62.08433129,65.58593436,64.87092774,64.87092774,55.19231781,55.10559232,38.54132392,39.67149276,64.87092774,61.01098491,61.01098491,62.71046995,62.71046995
5,10,30,70,68.31903915,62.95396466,62.71046995,61.76463708,62.01864296,57.72757353,58.92233456,54.55955882,54.78374631,54.4840959,54.4840959,54.4840959,53.27486429,53.27486429,53.27486429,52.92311427,53.74580662,52.78785403,57.46348939,62.72234708,63.39698346,59.19299519,51.91019451,42.90428538,46.18296292,53.14707024,53.98821621,61.09162391,61.09162391,61.01098491,64.87092774,65.08508672,65.08508672,55.10559232,54.6437095,39.57197942,38.54132392,65.08508672,61.09162391,61.09162391,63.12894973,63.12894973
5,10,40,70,68.66174902,63.24320178,63.12894973,62.01864296,61.30076151,59.52205882,57.72757353,53.4069633,54.4840959,54.3942569,54.3942569,54.3942569,53.31970178,53.31970178,53.31970178,53.27486429,54.78587781,51.80616997,57.32950729,61.63291967,61.7959709,58.79377196,51.52369814,41.13533828,45.25155399,53.98821621,55.10040158,61.26995787,61.26995787,61.09162391,65.08508672,65.34741141,65.34741141,54.6437095,55.60451184,39.42762163,39.57197942,65.34741141,61.26995787,61.26995787,62.78864734,62.78864734
5,10,50,70,68.53897201,62.92595793,62.78864734,61.30076151,60.72132998,58.66268382,59.52205882,53.8217204,54.3942569,54.81029458,54.81029458,54.81029458,53.60994509,53.60994509,53.60994509,53.31970178,54.57859051,52.60338371,58.00412323,62.5983467,60.76425076,58.39481455,52.44553378,41.28889476,46.14510107,55.10040158,54.33038445,61.55765972,61.55765972,61.26995787,65.34741141,65.68266731,65.68266731,55.60451184,57.95957666,40.16068014,39.42762163,65.68266731,61.55765972,61.55765972,62.00086672,62.00086672
5,11,0,70,68.64816865,62.89289546,62.00086672,60.72132998,60.48345911,55.07817096,58.66268382,53.64301471,54.81029458,52.64857641,52.64857641,52.64857641,53.00853044,53.00853044,53.00853044,53.60994509,55.04779149,53.30604954,58.64160461,63.33044101,61.59063106,59.86549445,53.55773245,42.52471087,45.779293,54.33038445,52.49900899,61.59929727,61.59929727,61.55765972,65.68266731,65.92988305,65.92988305,57.95957666,59.04438297,39.80306715,40.16068014,65.92988305,61.59929727,61.59929727,61.63385245,61.63385245
5,11,10,70,68.68879689,63.08873742,61.63385245,60.48345911,59.42936662,51.44738051,55.07817096,52.23243873,52.64857641,50.9048933,50.9048933,50.9048933,52.91661069,52.91661069,52.91661069,53.00853044,58.44866235,57.0830411,58.0673939,62.98299075,60.46296858,58.83173711,51.79591051,40.76318478,44.35039733,52.49900899,51.99106109,60.91782624,60.91782624,61.59929727,65.92988305,65.28614029,65.28614029,59.04438297,58.39148686,38.33006427,39.80306715,65.28614029,60.91782624,60.91782624,60.95361076,60.95361076
5,11,20,70,68.5787177,62.74851737,60.95361076,59.42936662,58.7952671,49.0043556,51.44738051,51.95165441,50.9048933,49.63444412,49.63444412,49.63444412,52.23741516,52.23741516,52.23741516,52.91661069,57.28242267,55.77248004,57.17936033,60.6497685,58.60195231,54.82391586,48.9677042,39.33703946,43.42023507,51.99106109,48.49649858,59.41997644,59.41997644,60.91782624,65.28614029,64.5438025,64.5438025,58.39148686,53.09624502,36.77015804,38.33006427,64.5438025,59.41997644,59.41997644,60.51699879,60.51699879
5,11,30,70,68.69345332,63.00723242,60.51699879,58.7952671,59.02755087,48.39091605,49.0043556,51.5741585,49.63444412,48.61594786,48.61594786,48.61594786,51.44075636,51.44075636,51.44075636,52.23741516,54.88697973,52.13083483,53.13588151,56.04791842,55.53081028,51.97243457,45.12043374,36.08323568,41.14141946,48.49649858,45.92607662,57.36533366,57.36533366,59.41997644,64.5438025,62.15059796,62.15059796,53.09624502,49.4332319,33.39931588,36.77015804,62.15059796,57.36533366,57.36533366,60.79003623,60.79003623
5,11,40,70,68.5813561,62.18619751,60.79003623,59.02755087,59.36756428,50.10651042,48.39091605,50.09020658,48.61594786,48.75942532,48.75942532,48.75942532,50.95037244,50.95037244,50.95037244,51.44075636,51.30247253,50.77114958,53.14169806,56.17855978,54.45636657,51.3603128,43.65103368,34.32662028,38.92425269,45.92607662,45.31592559,55.93703445,55.93703445,57.36533366,62.15059796,60.49824869,60.49824869,49.4332319,47.05834157,30.04954607,33.39931588,60.49824869,55.93703445,55.93703445,60.35387539,60.35387539
5,11,50,70,68.53254981,62.84829441,60.35387539,59.36756428,59.29017427,50.70404412,50.10651042,49.99530637,48.75942532,48.47958674,48.47958674,48.47958674,50.77377199,50.77377199,50.77377199,50.95037244,51.01077585,49.87959783,53.01980095,55.22930186,53.85944081,51.46230702,42.54147527,32.98381761,36.75364967,45.31592559,44.89127703,54.48194604,54.48194604,55.93703445,60.49824869,60.04270676,60.04270676,47.05834157,46.53123977,28.48375906,30.04954607,60.04270676,54.48194604,54.48194604,61.71835774,61.71835774
5,12,0,70,68.56090234,62.71890782,61.71835774,59.29017427,57.0839622,45.91559436,50.70404412,50.47794118,48.47958674,47.82502829,47.82502829,47.82502829,49.97242068,49.97242068,49.97242068,50.77377199,51.4971544,50.42434543,53.43219701,54.38136737,51.38667561,48.89333466,41.84797283,32.47635338,36.50762369,44.89127703,45.0376885,55.4282968,55.4282968,54.48194604,60.04270676,60.73326152,60.73326152,46.53123977,43.35198747,26.41114913,28.48375906,60.73326152,55.4282968,55.4282968,61.141093,61.141093
5,12,10,70,68.37544741,62.66868781,61.141093,57.0839622,51.95555663,46.59964767,45.91559436,50.20038807,47.82502829,47.81152103,47.81152103,47.81152103,47.31296065,47.31296065,47.31296065,49.97242068,51.3266918,50.69425998,49.04799099,48.84728371,45.41063056,45.53969551,40.59542076,32.5990789,37.01694639,45.0376885,43.20698925,52.76651641,52.76651641,55.4282968,60.73326152,56.307219,56.307219,43.35198747,38.46108343,26.14466491,26.41114913,56.307219,52.76651641,52.76651641,59.43951229,59.43951229
5,12,20,70,68.45741599,63.17988528,59.43951229,51.95555663,47.09865519,46.16918913,46.59964767,49.97371615,47.81152103,47.15889413,47.15889413,47.15889413,44.62389465,44.62389465,44.62389465,47.31296065,47.6750372,47.1739179,45.00289208,44.86982808,41.68602454,41.20614121,36.89771812,31.72347877,36.63576712,43.20698925,43.21442389,50.04448775,50.04448775,52.76651641,56.307219,54.03156675,54.03156675,38.46108343,35.24341183,25.33827578,26.14466491,54.03156675,50.04448775,50.04448775,56.43640949,56.43640949
5,12,30,70,68.34586915,62.36125756,56.43640949,47.09865519,45.94142488,43.80395221,46.16918913,49.53274101,47.15889413,46.03237677,46.03237677,46.03237677,43.57200109,43.57200109,43.57200109,44.62389465,46.53839058,44.17608617,40.9638249,40.03280984,38.18539091,35.61195726,32.33795093,30.07679921,35.60110228,43.21442389,39.65429488,48.11556943,48.11556943,50.04448775,54.03156675,53.01229719,53.01229719,35.24341183,34.05403265,25.15301394,25.33827578,53.01229719,48.11556943,48.11556943,58.58145796,58.58145796
5,12,40,70,68.3885861,62.81855385,58.58145796,45.94142488,45.9908839,41.54252962,43.80395221,49.31223856,46.03237677,45.79808032,45.79808032,45.79808032,41.82382805,41.82382805,41.82382805,43.57200109,43.69805716,41.25996113,36.98208197,34.88480019,32.14973439,29.13301124,29.59186154,29.34747244,33.41974545,39.65429488,36.55565622,47.19347344,47.19347344,48.11556943,53.01229719,51.44546982,51.44546982,34.05403265,32.90077422,24.09595797,25.15301394,51.44546982,47.19347344,47.19347344,59.52766159,59.52766159
5,12,50,70,68.32863807,62.68720569,59.52766159,45.9908839,45.42238676,44.84347426,41.54252962,48.83308123,45.79808032,45.33891804,45.33891804,45.33891804,41.24914965,41.24914965,41.24914965,41.82382805,37.88690233,34.57727367,36.71948655,35.55186852,33.17429223,31.25686166,29.79575684,28.9824012,32.65801296,36.55565622,38.87447537,45.2568403,45.2568403,47.19347344,51.44546982,47.75243264,47.75243264,32.90077422,31.0583564,22.87011291,24.09595797,47.75243264,45.2568403,45.2568403,58.12777035,58.12777035
5,13,0,67.95454545,68.562732,62.63158222,58.12777035,45.42238676,45.10222878,41.51365546,44.84347426,48.96746881,45.33891804,45.50069978,45.50069978,45.50069978,38.61267574,38.61267574,38.61267574,41.24914965,39.46076007,37.43972316,35.56936774,34.22577302,32.00265029,29.03851572,28.8757937,29.7676346,34.18521192,38.87447537,36.42460028,43.09752123,43.09752123,45.2568403,47.75243264,46.93798962,46.93798962,31.0583564,28.91941302,21.69577532,22.87011291,46.93798962,43.09752123,43.09752123,57.3689713,57.3689713
5,13,10,70,67.92386757,62.06483548,57.3689713,45.10222878,40.30450595,40.3384979,41.51365546,49.10628268,45.50069978,45.35942229,45.35942229,45.35942229,35.88084806,35.88084806,35.88084806,38.61267574,39.72469911,38.53243255,35.24850252,33.20081173,32.749825,28.81833564,28.18068183,28.15126636,31.10239537,36.42460028,35.51645256,39.16693713,39.16693713,43.09752123,46.93798962,41.78339269,41.78339269,28.91941302,25.44781746,20.97478547,21.69577532,41.78339269,39.16693713,39.16693713,53.5494801,53.5494801
5,13,20,70,67.04193943,61.22474669,53.5494801,40.30450595,36.77563924,40.59952731,40.3384979,49.34448529,45.35942229,42.09949783,42.09949783,42.09949783,33.00552369,33.00552369,33.00552369,35.88084806,32.07706044,32.9611373,32.20536431,31.41390829,31.43097968,26.42253613,27.51516098,28.38269368,31.13048815,35.51645256,33.38646947,36.03333538,36.03333538,39.16693713,41.78339269,39.47377888,39.47377888,25.44781746,24.42952905,19.78589511,20.97478547,39.47377888,36.03333538,36.03333538,47.32001812,47.32001812
5,13,30,70,66.77740635,61.95037642,47.32001812,36.77563924,38.5196785,40.24709384,40.59952731,48.45568627,42.09949783,41.98198459,41.98198459,41.98198459,31.81862027,31.81862027,31.81862027,33.00552369,34.23388041,34.86252914,32.46295251,31.45070663,30.44628967,26.35542718,26.53634945,27.76385054,30.28072091,33.38646947,31.5332199,33.76680758,33.76680758,36.03333538,39.47377888,36.82030414,36.82030414,24.42952905,23.63089894,19.28937785,19.78589511,36.82030414,33.76680758,33.76680758,49.60806692,49.60806692
5,13,40,70,66.66239913,60.22663302,49.60806692,38.5196785,38.83249095,40.76137955,40.24709384,48.01866422,41.98198459,41.05028994,41.05028994,41.05028994,29.05485955,29.05485955,29.05485955,31.81862027,26.41205225,28.03601641,30.3385483,29.38161592,28.96592551,25.26088976,25.793768,26.72471481,29.24888018,31.5332199,29.82368008,32.4677264,32.4677264,33.76680758,36.82030414,34.96826417,34.96826417,23.63089894,22.42849651,18.75586036,19.28937785,34.96826417,32.4677264,32.4677264,51.28860649,51.28860649
5,13,50,70,66.84774637,61.53984235,51.28860649,38.83249095,43.01303041,39.86502101,40.76137955,48.0266585,41.05028994,41.10004429,41.10004429,41.10004429,27.57367708,27.57367708,27.57367708,29.05485955,26.27772063,29.3018339,30.19358443,29.61826634,28.7522658,24.97708334,24.94022173,25.80203889,27.54587647,29.82368008,28.77483909,30.94002386,30.94002386,32.4677264,34.96826417,33.3956616,33.3956616,22.42849651,21.23238552,18.89090566,18.75586036,33.3956616,30.94002386,30.94002386,53.84735796,53.84735796
5,14,0,70,66.64237793,62.52934129,53.84735796,43.01303041,42.40853112,39.96186975,39.86502101,46.9129902,41.10004429,41.24513131,41.24513131,41.24513131,27.9536262,27.9536262,27.9536262,27.57367708,21.42378009,27.50954042,28.30536394,27.28252745,27.58336884,25.4059212,25.06124768,25.911586,26.72396628,28.77483909,26.59868559,30.43714807,30.43714807,30.94002386,33.3956616,33.44197994,33.44197994,21.23238552,21.22678965,18.12115627,18.89090566,33.44197994,30.43714807,30.43714807,54.09970669,54.09970669
5,14,10,70,66.84929579,61.45676271,54.09970669,42.40853112,34.90153904,40.36296102,39.96186975,46.87780501,41.24513131,39.18631271,39.18631271,39.18631271,25.7354505,25.7354505,25.7354505,27.9536262,24.89695606,29.66249144,28.25766855,27.58116324,27.71070913,24.68146119,24.12165032,24.59396117,25.56039733,26.59868559,26.54416906,30.00643501,30.00643501,30.43714807,33.44197994,30.41009229,30.41009229,21.22678965,19.98385671,17.25156625,18.12115627,30.41009229,30.00643501,30.00643501,49.45817171,49.45817171
5,14,20,70,66.45366213,61.75245498,49.45817171,34.90153904,32.29900005,40.16702431,40.36296102,46.82322531,39.18631271,37.9356256,37.9356256,37.9356256,24.43283542,24.43283542,24.43283542,25.7354505,21.13918576,26.03352341,28.32496102,26.77840145,27.96221315,25.82695392,25.0160826,25.49143114,26.08532329,26.54416906,26.33644515,27.61486073,27.61486073,30.00643501,30.41009229,28.99670709,28.99670709,19.98385671,19.54675337,17.07335573,17.25156625,28.99670709,27.61486073,27.61486073,45.28197565,45.28197565
5,14,30,70,65.72331733,59.25609096,45.28197565,32.29900005,30.93471778,39.38419118,40.16702431,47.3363173,37.9356256,36.06267752,36.06267752,36.06267752,24.98275075,24.98275075,24.98275075,24.43283542,22.1105673,25.89683026,27.05750292,26.18079391,27.11152082,24.45904528,23.94587079,24.73524343,25.20598834,26.33644515,25.02104925,26.96077611,26.96077611,27.61486073,28.99670709,28.54804253,28.54804253,19.54675337,19.2829627,17.03039976,17.07335573,28.54804253,26.96077611,26.96077611,42.88041241,42.88041241
5,14,40,70,65.92580218,59.03937203,42.88041241,30.93471778,37.43381844,38.56827731,39.38419118,46.26352578,36.06267752,33.8062469,33.8062469,33.8062469,23.16787174,23.16787174,23.16787174,24.98275075,22.23431093,27.72115634,26.88902082,26.25342545,26.22876391,22.19044101,22.37260865,23.22262885,23.90222038,25.02104925,23.22674022,27.66912814,27.66912814,26.96077611,28.54804253,30.18092991,30.18092991,19.2829627,18.77946753,16.7861738,17.03039976,30.18092991,27.66912814,27.66912814,48.98415351,48.98415351
5,14,50,70,66.97375282,61.18384736,48.98415351,37.43381844,44.98349673,38.92002218,38.56827731,44.92340686,33.8062469,31.75710436,31.75710436,31.75710436,22.11224327,22.11224327,22.11224327,23.16787174,20.68862688,26.8657355,26.00137844,23.69930375,23.28208556,20.34669297,21.76732268,23.46901776,23.1953243,23.22674022,24.56230582,27.09687797,27.09687797,27.66912814,30.18092991,28.34032532,28.34032532,18.77946753,18.47079664,16.70120497,16.7861738,28.34032532,27.09687797,27.09687797,56.86772876,56.86772876
5,15,0,70,67.1099863,61.31397654,56.86772876,44.98349673,36.74962352,39.20437675,38.92002218,45.56621732,31.75710436,30.69298186,30.69298186,30.69298186,21.29172534,21.29172534,21.29172534,22.11224327,23.32355965,27.8909222,25.67474571,23.72688814,23.66405813,20.31790002,21.4760081,23.8934415,24.73209435,24.56230582,24.31400924,26.33856887,26.33856887,27.09687797,28.34032532,27.77703009,27.77703009,18.47079664,16.70434035,15.78997028,16.70120497,27.77703009,26.33856887,26.33856887,48.34281417,48.34281417
5,15,10,70,68.61181844,60.859895,48.34281417,36.74962352,29.06239226,39.57689951,39.20437675,46.82542211,30.69298186,27.69682388,27.69682388,27.69682388,20.33688373,20.33688373,20.33688373,21.29172534,19.41626449,21.89808332,25.50686984,23.64102586,24.13516775,21.82061501,22.40475013,24.07001026,24.85308358,24.31400924,24.17105964,27.39985499,27.39985499,26.33856887,27.77703009,30.76342285,30.76342285,16.70434035,17.08555617,16.36628997,15.78997028,30.76342285,27.39985499,27.39985499,43.67944872,43.67944872
5,15,20,70,67.87429097,60.17264565,43.67944872,29.06239226,28.7742211,39.23365332,39.57689951,45.02245711,27.69682388,22.75429793,22.75429793,22.75429793,19.97929629,19.97929629,19.97929629,20.33688373,19.25737762,22.1210388,24.54861019,22.84486192,21.65961981,19.14823565,22.05928446,23.44893194,22.19453595,24.17105964,25.17410436,29.167007,29.167007,27.39985499,30.76342285,31.9556215,31.9556215,17.08555617,17.33623133,16.5719878,16.36628997,31.9556215,29.167007,29.167007,44.28013428,44.28013428
5,15,30,70,67.92159588,59.14390454,44.28013428,28.7742211,25.79665033,38.49264706,39.23365332,43.49167177,22.75429793,21.0568914,21.0568914,21.0568914,18.80744315,18.80744315,18.80744315,19.97929629,19.38269137,22.88901883,24.25218712,23.14159667,22.97998136,20.02498221,22.23370925,23.75846673,23.71993896,25.17410436,25.1010352,30.00403212,30.00403212,29.167007,31.9556215,33.95812746,33.95812746,17.33623133,17.52659799,16.38704729,16.5719878,33.95812746,30.00403212,30.00403212,42.42074774,42.42074774
5,15,40,70,68.83091215,60.23611938,42.42074774,25.79665033,25.81916644,38.86519608,38.49264706,44.37132353,21.0568914,17.84029941,17.84029941,17.84029941,19.2186893,19.2186893,19.2186893,18.80744315,20.42688554,21.63937502,24.02108554,24.10402345,25.35192276,20.67043651,22.17852561,23.98128217,23.67624883,25.1010352,25.02444579,31.39292153,31.39292153,30.00403212,33.95812746,34.91234033,34.91234033,17.52659799,18.49759522,17.36067763,16.38704729,34.91234033,31.39292153,31.39292153,38.40882353,38.40882353
5,15,50,70,68.88049299,60.98169145,38.40882353,25.81916644,29.9988017,37.50767293,38.86519608,42.79166667,17.84029941,18.35228932,18.35228932,18.35228932,18.49699259,18.49699259,18.49699259,19.2186893,17.8891803,21.79210779,23.30637944,22.75661826,24.27068104,19.27398556,22.06888283,24.1442465,23.43300912,25.02444579,26.93712517,33.85314095,33.85314095,31.39292153,34.91234033,37.46793682,37.46793682,18.49759522,19.05033127,16.74112553,17.36067763,37.46793682,33.85314095,33.85314095,42.32628968,42.32628968
5,16,0,70,68.97287935,60.44173082,42.32628968,29.9988017,28.30812293,37.94509804,37.50767293,41.94393674,18.35228932,16.70601611,16.70601611,16.70601611,17.56360619,17.56360619,17.56360619,18.49699259,18.27208359,21.7347755,23.12563575,22.35038633,24.31332686,19.27233801,21.57585122,23.66943983,24.15067453,26.93712517,28.94301366,33.88856872,33.88856872,33.85314095,37.46793682,39.90212226,39.90212226,19.05033127,19.82091372,16.1156714,16.74112553,39.90212226,33.88856872,33.88856872,41.76820645,41.76820645
5,16,10,70,68.92858239,58.97048075,41.76820645,28.30812293,26.08158673,36.47702206,37.94509804,42.28848039,16.70601611,16.17941874,16.17941874,16.17941874,17.82015463,17.82015463,17.82015463,17.56360619,18.96743775,22.16256105,22.65571912,21.92575147,23.65992735,20.285099,22.34607431,25.03251209,26.48516037,28.94301366,28.59157945,35.11582963,35.11582963,33.88856872,39.90212226,37.40792978,37.40792978,19.82091372,18.12511332,16.34664626,16.1156714,37.40792978,35.11582963,35.11582963,36.88322216,36.88322216
5,16,20,70,68.81997917,53.92198444,36.88322216,26.08158673,28.49272065,33.75958333,36.47702206,40.28415033,16.17941874,14.83563842,14.83563842,14.83563842,18.11784031,18.11784031,18.11784031,17.82015463,17.34041641,20.04083912,23.91991411,23.30038394,23.88514213,21.20448144,22.74630471,25.40195851,26.22600165,28.59157945,31.00247712,34.15660933,34.15660933,35.11582963,37.40792978,36.37134928,36.37134928,18.12511332,19.00748085,17.17375912,16.34664626,36.37134928,34.15660933,34.15660933,34.84201775,34.84201775
5,16,30,70,69.05006528,58.99574406,34.84201775,28.49272065,28.91996704,36.40498366,33.75958333,38.08247549,14.83563842,15.52581463,15.52581463,15.52581463,17.49122082,17.49122082,17.49122082,18.11784031,19.71039279,22.23884971,22.38585425,21.81233378,23.00384812,20.34200349,22.89293567,26.15079539,26.6907712,31.00247712,30.62308707,35.52940522,35.52940522,34.15660933,36.37134928,38.9279686,38.9279686,19.00748085,19.31256309,17.22999396,17.17375912,38.9279686,35.52940522,35.52940522,38.99855363,38.99855363
5,16,40,70,69.19488296,61.24578595,38.99855363,28.91996704,32.86721736,34.15168301,36.40498366,39.55143995,15.52581463,14.69285884,14.69285884,14.69285884,17.64617214,17.64617214,17.64617214,17.49122082,16.2415009,19.7127501,23.14095442,21.91422237,22.07535092,20.9345878,23.49324235,26.38639965,27.10884458,30.62308707,30.20893039,35.52040744,35.52040744,35.52940522,38.9279686,37.88705689,37.88705689,19.31256309,20.65676713,17.41559786,17.22999396,37.88705689,35.52040744,35.52040744,38.94984992,38.94984992
5,16,50,70,68.50772489,58.05564709,38.94984992,32.86721736,38.14648644,38.53872549,34.15168301,38.88113329,14.69285884,15.9477465,15.9477465,15.9477465,17.47801967,17.47801967,17.47801967,17.64617214,16.63099323,20.14769813,22.1930074,21.50237836,22.36358745,20.37927858,22.68654351,26.15581809,27.9514888,30.20893039,31.52565246,35.933407,35.933407,35.52040744,37.88705689,38.76518837,38.76518837,20.65676713,21.77271417,17.69233225,17.41559786,38.76518837,35.933407,35.933407,47.69018357,47.69018357
5,17,0,70,69.21442035,62.53750959,47.69018357,38.14648644,38.07979321,37.46875,38.53872549,40.58652961,15.9477465,14.98697288,14.98697288,14.98697288,17.98508918,17.98508918,17.98508918,17.47801967,15.86457394,18.95816578,22.84654001,22.59464325,22.97807802,21.19781525,22.89874761,26.36293621,28.81747708,31.52565246,31.7723379,36.67658542,36.67658542,35.933407,38.76518837,41.31138734,41.31138734,21.77271417,21.36081056,17.93977432,17.69233225,41.31138734,36.67658542,36.67658542,45.92986509,45.92986509
5,17,10,70,68.93513428,60.97292104,45.92986509,38.07979321,33.9595093,36.62124183,37.46875,40.45903361,14.98697288,14.5730083,14.5730083,14.5730083,17.88653796,17.88653796,17.88653796,17.98508918,16.27005913,19.44585279,23.31450006,22.39346187,22.57010653,22.85425327,24.49640364,26.32502754,28.45545331,31.7723379,32.9382081,36.93491905,36.93491905,36.67658542,41.31138734,45.32989652,45.32989652,21.36081056,22.86019565,16.20219428,17.93977432,45.32989652,36.93491905,36.93491905,42.52503744,42.52503744
5,17,20,70,68.9947284,60.72206645,42.52503744,33.9595093,32.43189808,37.08729575,36.62124183,40.08497065,14.5730083,15.32106233,15.32106233,15.32106233,18.05324805,18.05324805,18.05324805,17.88653796,20.74255394,23.48750135,22.96703492,22.62894131,22.43528498,21.56646292,24.16454815,26.58779438,29.16101157,32.9382081,31.58749818,37.34845918,37.34845918,36.93491905,45.32989652,44.10925625,44.10925625,22.86019565,21.61808922,16.06369899,16.20219428,44.10925625,37.34845918,37.34845918,41.14445531,41.14445531
5,17,30,70,69.16225145,62.56626984,41.14445531,32.43189808,33.45423151,37.63645276,37.08729575,40.30857843,15.32106233,14.7682998,14.7682998,14.7682998,17.80756822,17.80756822,17.80756822,18.05324805,15.07945043,19.23006843,23.94003422,22.89225071,22.33898963,21.08578596,23.68553037,25.66907384,27.31287096,31.58749818,32.91159828,37.85424669,37.85424669,37.34845918,44.10925625,44.11197836,44.11197836,21.61808922,22.5558465,16.51070124,16.06369899,44.11197836,37.85424669,37.85424669,42.07367303,42.07367303
5,17,40,70,68.69443181,62.36520418,42.07367303,33.45423151,35.37058982,38.52553105,37.63645276,40.25642965,14.7682998,15.05938806,15.05938806,15.05938806,18.27217008,18.27217008,18.27217008,17.80756822,18.28691323,21.40237281,23.59902891,22.43071386,22.75237816,23.3402685,24.37945218,26.82162251,29.76772177,32.91159828,32.45595482,37.56819162,37.56819162,37.85424669,44.11197836,42.06810024,42.06810024,22.5558465,23.14113252,16.72731812,16.51070124,42.06810024,37.56819162,37.56819162,45.81178493,45.81178493
5,17,50,70,68.86462845,63.03928711,45.81178493,35.37058982,37.5288275,42.98772467,38.52553105,39.99459252,15.05938806,15.64567852,15.64567852,15.64567852,18.32187343,18.32187343,18.32187343,18.27217008,15.84827915,19.16763135,25.11797241,24.61169491,25.71530511,25.06810618,25.04679061,26.95214174,29.7654743,32.45595482,33.64336396,39.23384018,39.23384018,37.56819162,42.06810024,43.52832928,43.52832928,23.14113252,23.10559823,17.01184194,16.72731812,43.52832928,39.23384018,39.23384018,48.15783795,48.15783795
5,18,0,70,68.81762964,62.65161038,48.15783795,37.5288275,36.43112115,41.79722222,42.98772467,41.00389093,15.64567852,17.40001308,17.40001308,17.40001308,18.32472771,18.32472771,18.32472771,18.32187343,19.2855061,22.31520942,24.78876388,24.49231932,25.79063181,23.77098791,26.2127092,28.26144853,31.93570524,33.64336396,33.93458932,40.4192218,40.4192218,39.23384018,43.52832928,44.10221325,44.10221325,23.10559823,25.10844458,17.70929879,17.01184194,44.10221325,40.4192218,40.4192218,48.42349019,48.42349019
5,18,10,70,69.06477896,63.30349913,48.42349019,36.43112115,35.64412838,42.38649918,41.79722222,39.95723039,17.40001308,18.39920774,18.39920774,18.39920774,18.50866518,18.50866518,18.50866518,18.32472771,17.22713299,18.17955421,24.97931044,24.86569585,26.11759995,22.28681914,25.96814636,29.14781365,31.62338659,33.93458932,34.05084965,40.69197167,40.69197167,40.4192218,44.10221325,42.51148446,42.51148446,25.10844458,26.14924709,17.09443077,17.70929879,42.51148446,40.69197167,40.69197167,44.25620031,44.25620031
5,18,20,70,68.77095245,58.84525008,44.25620031,35.64412838,38.23861704,41.8700105,42.38649918,41.47025123,18.39920774,19.30970019,19.30970019,19.30970019,19.06683179,19.06683179,19.06683179,18.50866518,15.07045828,18.12356802,25.04043849,24.25092692,26.51022838,24.89136301,25.64806086,29.30374534,32.07987679,34.05084965,33.8746418,40.25048369,40.25048369,40.69197167,42.51148446,40.95474634,40.95474634,26.14924709,24.65537253,17.06248656,17.09443077,40.95474634,40.25048369,40.25048369,48.89295829,48.89295829
5,18,30,70,68.66106118,58.80909926,48.89295829,38.23861704,43.70581463,41.80147059,41.8700105,42.6938317,19.30970019,21.14676549,21.14676549,21.14676549,19.88744461,19.88744461,19.88744461,19.06683179,15.59540816,18.71174553,24.77070785,25.1135759,27.05946311,26.25874551,25.52249095,28.1995507,31.33267009,33.8746418,33.2143388,39.31700534,39.31700534,40.25048369,40.95474634,40.40573885,40.40573885,24.65537253,27.17251552,18.24470245,17.06248656,40.40573885,39.31700534,39.31700534,52.54744583,52.54744583
5,18,40,70,68.82063978,60.8663569,52.54744583,43.70581463,49.71985007,42.30502451,41.80147059,41.40236928,21.14676549,23.09562829,23.09562829,23.09562829,21.08165815,21.08165815,21.08165815,19.88744461,19.31111002,22.24622157,25.1005716,24.48334693,25.66826573,23.78865116,24.30135373,28.01850296,31.54205349,33.2143388,33.27552274,39.94982157,39.94982157,39.31700534,40.40573885,44.3208538,44.3208538,27.17251552,28.43703854,20.58129633,18.24470245,44.3208538,39.94982157,39.94982157,55.70928342,55.70928342
5,18,50,70,68.8040158,62.89616938,55.70928342,49.71985007,55.22169704,44.18408613,42.30502451,41.73612473,23.09562829,26.32718634,26.32718634,26.32718634,22.74153598,22.74153598,22.74153598,21.08165815,15.5810156,18.62662426,25.14124794,24.51889848,25.99778528,24.26554896,24.27183388,28.25108369,31.66131621,33.27552274,34.98976591,41.50428861,41.50428861,39.94982157,44.3208538,47.19354886,47.19354886,28.43703854,31.75811973,22.04161723,20.58129633,47.19354886,41.50428861,41.50428861,58.41611228,58.41611228
5,19,0,70,68.69868849,62.82358819,58.41611228,55.22169704,59.91243043,45.83665966,44.18408613,43.45667211,26.32718634,29.77714728,29.77714728,29.77714728,23.99624251,23.99624251,23.99624251,22.74153598,15.75231018,18.38713138,26.77110713,26.30920272,27.47851893,26.75056921,25.70919049,28.22329687,31.61979867,34.98976591,35.09548141,42.78781899,42.78781899,41.50428861,47.19354886,47.98031311,47.98031311,31.75811973,32.2459073,21.81646604,22.04161723,47.98031311,42.78781899,42.78781899,62.15755237,62.15755237
5,19,10,70,68.80359805,63.50587818,62.15755237,59.91243043,61.11229867,45.40572479,45.83665966,44.85961329,29.77714728,32.01925909,32.01925909,32.01925909,25.51494555,25.51494555,25.51494555,23.99624251,17.52491538,20.64971113,28.07244664,28.79239729,29.95215118,28.86550283,26.9437602,29.0190278,32.55810961,35.09548141,35.92710176,41.91049059,41.91049059,42.78781899,47.98031311,46.07803474,46.07803474,32.2459073,32.2400189,22.86190635,21.81646604,46.07803474,41.91049059,41.91049059,63.63579647,63.63579647
5,19,20,70,68.85749393,63.32095681,63.63579647,61.11229867,61.32823787,45.5549895,45.40572479,46.12683824,32.01925909,34.10147062,34.10147062,34.10147062,27.62478574,27.62478574,27.62478574,25.51494555,25.97968113,25.29479474,29.02929675,29.97280773,31.91060713,31.76804442,28.05018079,30.12489203,34.38203648,35.92710176,38.77879117,41.83589849,41.83589849,41.91049059,46.07803474,44.88008027,44.88008027,32.2400189,32.33125113,23.18917202,22.86190635,44.88008027,41.83589849,41.83589849,63.41077495,63.41077495
5,19,30,70,68.69436321,63.3937784,63.41077495,61.32823787,61.43572611,42.42501616,45.5549895,46.95301704,34.10147062,39.81991825,39.81991825,39.81991825,28.63308981,28.63308981,28.63308981,27.62478574,18.54360411,21.53772856,29.67749343,30.36547278,31.99594839,31.15070251,28.67261035,30.73753258,35.02784356,38.77879117,40.33239496,42.04996207,42.04996207,41.83589849,44.88008027,45.91161996,45.91161996,32.33125113,32.95303892,25.43787339,23.18917202,45.91161996,42.04996207,42.04996207,63.49017954,63.49017954
5,19,40,70,68.83706737,63.44427567,63.49017954,61.43572611,61.24559868,48.12052696,42.42501616,47.66646242,39.81991825,44.61998364,44.61998364,44.61998364,30.70928607,30.70928607,30.70928607,28.63308981,20.62236004,20.94210231,30.70058435,31.8329752,33.64170319,33.30868859,30.20103886,32.1150544,37.85660796,40.33239496,40.56972886,42.41323391,42.41323391,42.04996207,45.91161996,45.68392306,45.68392306,32.95303892,33.26797965,26.27186006,25.43787339,45.68392306,42.41323391,42.41323391,63.10047925,63.10047925
5,19,50,70,68.81129338,62.76235522,63.10047925,61.24559868,61.02435209,52.49495798,48.12052696,47.91221405,44.61998364,49.10192401,49.10192401,49.10192401,33.73055804,33.73055804,33.73055804,30.70928607,24.03667499,27.88348993,32.50839328,33.04417209,35.04714422,35.29248822,32.42876894,31.36588394,36.18334647,40.56972886,41.7326738,44.12704842,44.12704842,42.41323391,45.68392306,49.12470993,49.12470993,33.26797965,36.10592896,27.02702197,26.27186006,49.12470993,44.12704842,44.12704842,62.70974386,62.70974386
5,20,0,70,68.91897283,63.13032836,62.70974386,61.02435209,60.07204762,52.46795635,52.49495798,48.88126816,49.10192401,50.44724899,50.44724899,50.44724899,36.82442164,36.82442164,36.82442164,33.73055804,23.54333495,25.10358894,35.25050925,36.24381675,37.35380376,37.73405588,33.82530469,31.77344701,36.70107194,41.7326738,43.47038158,46.51818551,46.51818551,44.12704842,49.12470993,50.7367689,50.7367689,36.10592896,38.14086695,28.83520699,27.02702197,50.7367689,46.51818551,46.51818551,61.4463977,61.4463977
5,20,10,70,68.86589743,62.63053543,61.4463977,60.07204762,58.25400434,50.72379202,52.46795635,48.57547204,50.44724899,50.0486186,50.0486186,50.0486186,39.53406925,39.53406925,39.53406925,36.82442164,25.04748291,25.53017171,36.73624746,37.6526674,39.89480428,39.09005329,34.39239266,32.69665286,36.70047125,43.47038158,43.15092334,46.24379776,46.24379776,46.51818551,50.7367689,50.55650415,50.55650415,38.14086695,38.26488558,29.30499986,28.83520699,50.55650415,46.24379776,46.24379776,59.60752315,59.60752315
5,20,20,70,67.81752766,61.58289566,59.60752315,58.25400434,58.33659147,51.08331291,50.72379202,48.2002451,50.0486186,51.61602354,51.61602354,51.61602354,44.86117041,44.86117041,44.86117041,39.53406925,30.04534897,29.39960026,38.08300463,38.80986671,41.51022107,40.58734302,34.56026263,32.27744932,36.47757625,43.15092334,44.50195484,49.24984158,49.24984158,46.24379776,50.55650415,53.93927966,53.93927966,38.26488558,40.22355138,29.43471214,29.30499986,53.93927966,49.24984158,49.24984158,58.92645331,58.92645331
5,20,30,70,68.77476487,62.69051072,58.92645331,58.33659147,59.8184189,59.89303895,51.08331291,51.55789237,51.61602354,52.03381999,52.03381999,52.03381999,47.9422111,47.9422111,47.9422111,44.86117041,37.79384532,35.03635621,40.63394784,41.88322582,42.47496147,42.09301843,36.84726636,33.82269071,38.54891089,44.50195484,46.71416339,51.17105142,51.17105142,49.24984158,53.93927966,54.93173364,54.93173364,40.22355138,40.16711456,29.41274492,29.43471214,54.93173364,51.17105142,51.17105142,59.87637868,59.87637868
5,20,40,70,68.88366216,62.52052662,59.87637868,59.8184189,61.14389942,60.36691176,59.89303895,53.41537309,52.03381999,53.70748841,53.70748841,53.70748841,50.4562277,50.4562277,50.4562277,47.9422111,48.5491976,47.29389926,43.3717805,43.76262466,45.4362957,46.4492793,38.7017038,35.54845869,40.95189179,46.71416339,51.6575415,53.52494774,53.52494774,51.17105142,54.93173364,56.62840369,56.62840369,40.16711456,41.41552505,28.5798456,29.41274492,56.62840369,53.52494774,53.52494774,60.76812364,60.76812364
5,20,50,70,68.84961945,62.62467934,60.76812364,61.14389942,61.29807827,61.53081232,60.36691176,55.36412037,53.70748841,55.21445608,55.21445608,55.21445608,52.52419705,52.52419705,52.52419705,50.4562277,57.11203135,52.97592121,48.55589534,47.96186839,48.12401797,47.88255235,41.10626889,36.67065872,42.88215774,51.6575415,55.66532648,55.07165115,55.07165115,53.52494774,56.62840369,58.47543498,58.47543498,41.41552505,44.81034399,30.74658699,28.5798456,58.47543498,55.07165115,55.07165115,62.12928968,62.12928968
5,21,0,70,68.93104302,63.03691438,62.12928968,61.29807827,61.07731691,62.53151261,61.53081232,56.63323802,55.21445608,55.89643911,55.89643911,55.89643911,52.96900432,52.96900432,52.96900432,52.52419705,58.61206972,56.04203156,53.00892603,53.96266257,54.89386774,54.71437961,48.88774782,39.7485285,45.2478513,55.66532648,55.37783418,57.06576901,57.06576901,55.07165115,58.47543498,60.17470507,60.17470507,44.81034399,49.14454289,34.04735953,30.74658699,60.17470507,57.06576901,57.06576901,61.28848366,61.28848366
5,21,10,70,69.06378264,63.07483528,61.28848366,61.07731691,60.95179948,63.19055205,62.53151261,57.78247549,55.89643911,56.32656373,56.32656373,56.32656373,52.6121219,52.6121219,52.6121219,52.96900432,56.97052603,56.30063037,56.57329512,58.61419202,59.87125899,59.3875155,51.38701415,41.47036793,45.94714109,55.37783418,56.08760614,57.66526359,57.66526359,57.06576901,60.17470507,61.5128767,61.5128767,49.14454289,48.65011935,36.04324041,34.04735953,61.5128767,57.66526359,57.66526359,61.35565033,61.35565033
5,21,20,70,68.68943383,62.52181885,61.35565033,60.95179948,61.63840602,65.11491597,63.19055205,58.48495824,56.32656373,57.49898625,57.49898625,57.49898625,52.61802505,52.61802505,52.61802505,52.6121219,58.25820809,57.27006617,55.40877297,56.60431943,57.29266927,56.74214261,49.36918773,40.61228836,45.95144686,56.08760614,56.14825514,57.25963335,57.25963335,57.66526359,61.5128767,62.12377142,62.12377142,48.65011935,49.49825457,36.66174565,36.04324041,62.12377142,57.25963335,57.25963335,61.70721569,61.70721569
5,21,30,70,68.76417377,62.79029708,61.70721569,61.63840602,61.77514769,64.29338819,65.11491597,60.3476988,57.49898625,57.29041641,57.29041641,57.29041641,52.73791002,52.73791002,52.73791002,52.61802505,59.54951586,58.64379024,55.52478022,57.89956706,57.17688844,55.66163296,50.27595609,40.08716372,46.13450008,56.14825514,57.32432358,58.95088904,58.95088904,57.25963335,62.12377142,61.85828424,61.85828424,49.49825457,48.49235564,36.56889057,36.66174565,61.85828424,58.95088904,58.95088904,61.83883007,61.83883007
5,21,40,70,68.82586188,62.7115928,61.83883007,61.77514769,61.66297763,64.088743,64.29338819,59.11446986,57.29041641,58.0606682,58.0606682,58.0606682,53.07582837,53.07582837,53.07582837,52.73791002,59.34860444,58.36989796,57.3624483,59.80634437,58.64239688,57.00014996,49.85805906,40.36429449,46.9195384,57.32432358,58.3592153,59.08977562,59.08977562,58.95088904,61.85828424,62.66645729,62.66645729,48.49235564,49.63316221,37.48993176,36.56889057,62.66645729,59.08977562,59.08977562,60.80595752,60.80595752
5,21,50,70,68.36577795,61.56278144,60.80595752,61.66297763,62.89982298,60.74789916,64.088743,58.78675109,58.0606682,59.12524325,59.12524325,59.12524325,53.89802883,53.89802883,53.89802883,53.07582837,58.74561844,58.07314695,59.06435875,62.03458442,61.22444714,60.40342255,52.78591027,41.26211806,47.67937153,58.3592153,60.37196975,60.32248769,60.32248769,59.08977562,62.66645729,63.18954969,63.18954969,49.63316221,53.75254016,39.87076661,37.48993176,63.18954969,60.32248769,60.32248769,61.62769118,61.62769118
5,22,0,70,67.63754602,61.25845425,61.62769118,62.89982298,62.08051785,62.49250117,60.74789916,58.08239379,59.12524325,58.85079038,58.85079038,58.85079038,53.75867132,53.75867132,53.75867132,53.89802883,60.73954062,60.6579882,60.56008028,64.28172587,63.36781963,62.0840244,54.84650646,44.13851013,49.87341693,60.37196975,59.58495228,60.86623922,60.86623922,60.32248769,63.18954969,63.95646299,63.95646299,53.75254016,57.5007421,40.90078061,39.87076661,63.95646299,60.86623922,60.86623922,60.99605229,60.99605229
5,22,10,70,66.66474087,61.13815827,60.99605229,62.08051785,61.66503687,65.27888655,62.49250117,57.95179285,58.85079038,58.65356894,58.65356894,58.65356894,53.79891582,53.79891582,53.79891582,53.75867132,61.15005303,61.48662061,60.5085763,64.55565198,65.07056447,63.38265877,55.14460178,43.97745079,49.65117471,59.58495228,57.97759134,60.81177966,60.81177966,60.86623922,63.95646299,63.87535219,63.87535219,57.5007421,55.87252628,42.19364564,40.90078061,63.87535219,60.81177966,60.81177966,60.82237092,60.82237092
5,22,20,70,66.37140279,61.22437934,60.82237092,61.66503687,61.8268927,65.75761555,65.27888655,59.94873366,58.65356894,59.61406622,59.61406622,59.61406622,53.82051105,53.82051105,53.82051105,53.79891582,60.69187252,60.380152,59.81169643,62.94447252,63.58732492,61.73848134,53.41665217,43.41862956,48.15783684,57.97759134,59.71401304,60.98137446,60.98137446,60.81177966,63.87535219,63.97239228,63.97239228,55.87252628,57.6422593,41.02004775,42.19364564,63.97239228,60.98137446,60.98137446,61.24775817,61.24775817
5,22,30,70,67.00624954,61.32240561,61.24775817,61.8268927,62.15076374,65.62333683,65.75761555,60.8002451,59.61406622,59.2228173,59.2228173,59.2228173,54.02048349,54.02048349,54.02048349,53.82051105,60.07628529,59.56671646,60.10201716,63.47221525,64.48750009,63.03229902,55.34630623,44.81072064,49.68885647,59.71401304,59.89656533,62.75186084,62.75186084,60.98137446,63.97239228,66.58324607,66.58324607,57.6422593,58.75946681,43.65760256,41.02004775,66.58324607,62.75186084,62.75186084,61.98565548,61.98565548
5,22,40,70,67.63897032,62.63128372,61.98565548,62.15076374,63.05595642,65.64261204,65.62333683,61.07073024,59.2228173,59.69246152,59.69246152,59.69246152,53.9808554,53.9808554,53.9808554,54.02048349,60.97549853,61.99766156,61.06070778,64.00886753,64.04509662,60.15697556,55.50526235,45.12610258,49.00789557,59.89656533,62.18001456,64.19833764,64.19833764,62.75186084,66.58324607,66.99307415,66.99307415,58.75946681,61.1588674,49.12311336,43.65760256,66.99307415,64.19833764,64.19833764,62.61996019,62.61996019
5,22,50,70,67.67675955,63.47246883,62.61996019,63.05595642,63.18431268,67.09952731,65.64261204,61.63022365,59.69246152,59.30694476,59.30694476,59.30694476,54.61157347,54.61157347,54.61157347,53.9808554,61.41799553,61.70562892,62.14575726,64.77568544,64.48230543,60.85046872,56.63491744,45.98337203,50.53658204,62.18001456,63.68692285,65.07610964,65.07610964,64.19833764,66.99307415,67.47563852,67.47563852,61.1588674,63.70457382,53.31679483,49.12311336,67.47563852,65.07610964,65.07610964,63.09474183,63.09474183
5,23,0,70,68.40306749,63.73525308,63.09474183,63.18431268,63.26565695,65.51794468,67.09952731,63.26769301,59.30694476,59.50176763,59.50176763,59.50176763,54.56600915,54.56600915,54.56600915,54.61157347,61.3207383,62.18752751,62.97506026,66.19073942,65.54817973,61.45338033,58.66045894,46.56410698,51.2210065,63.68692285,64.20899822,65.57348457,65.57348457,65.07610964,67.47563852,67.54798556,67.54798556,63.70457382,63.92010886,57.19990097,53.31679483,67.54798556,65.57348457,65.57348457,63.9418219,63.9418219
5,23,10,70,68.07041236,64.37208497,63.9418219,63.26565695,63.41505258,66.50446429,65.51794468,61.76125919,59.50176763,60.42844503,60.42844503,60.42844503,54.72480825,54.72480825,54.72480825,54.56600915,61.91080182,62.5325922,62.71580646,66.14845994,65.45924859,61.75763517,59.36065701,47.35996376,51.69042734,64.20899822,64.18840964,65.74184464,65.74184464,65.57348457,67.54798556,67.9683739,67.9683739,63.92010886,64.02895158,58.30772607,57.19990097,67.9683739,65.74184464,65.74184464,63.8850768,63.8850768
5,23,20,70,68.33884184,64.23748669,63.8850768,63.41505258,63.7169164,65.86535364,66.50446429,62.56801471,60.42844503,62.1303685,62.1303685,62.1303685,55.49836436,55.49836436,55.49836436,54.72480825,61.94524258,63.21788497,62.86893633,65.94794888,65.44963597,62.10086538,59.76489149,47.85497286,52.03367178,64.18840964,65.12820389,65.56709392,65.56709392,65.74184464,67.9683739,67.78434482,67.78434482,64.02895158,65.37292423,58.95652534,58.30772607,67.78434482,65.56709392,65.56709392,63.71512302,63.71512302
5,23,30,70,68.4373369,64.36262979,63.71512302,63.7169164,63.37006392,66.06586134,65.86535364,62.52902661,62.1303685,61.91613082,61.91613082,61.91613082,55.5724026,55.5724026,55.5724026,55.49836436,61.82141709,63.02215989,63.80576177,66.7189683,66.58288738,61.91896555,60.76942564,49.49353758,53.16047728,65.12820389,66.06706824,66.4640681,66.4640681,65.56709392,67.78434482,67.97843959,67.97843959,65.37292423,66.03911783,57.9226599,58.95652534,67.97843959,66.4640681,66.4640681,63.51319935,63.51319935
5,23,40,70,68.31264218,64.06781644,63.51319935,63.37006392,64.46550926,66.39653361,66.06586134,62.74330576,61.91613082,62.32364212,62.32364212,62.32364212,56.08703214,56.08703214,56.08703214,55.5724026,61.97504771,63.14129735,64.05481433,67.48986936,67.33217594,64.1379345,61.55716717,50.28642761,54.59183963,66.06706824,66.78268586,67.08102245,67.08102245,66.4640681,67.97843959,68.48741516,68.48741516,66.03911783,66.90295285,59.55046137,57.9226599,68.48741516,67.08102245,67.08102245,64.00920588,64.00920588
5,23,50,70,68.51864828,63.08562021,64.00920588,64.46550926,64.53617815,66.8227416,66.39653361,63.08340993,62.32364212,62.2787063,62.2787063,62.2787063,56.2192266,56.2192266,56.2192266,56.08703214,62.71174213,64.00381191,64.4960961,68.52957848,68.40279397,68.23148021,63.73532785,51.89848938,55.8619411,66.78268586,68.32516151,68.44765312,68.44765312,67.08102245,68.48741516,69.45611578,69.45611578,66.90295285,68.32165849,62.12291839,59.55046137,69.45611578,68.44765312,68.44765312,63.78993301,63.78993301
6,0,0,70,68.23405035,62.7175712,63.78993301,64.53617815,64.60198697,66.82510504,66.8227416,62.97991728,62.2787063,62.61627892,62.61627892,62.61627892,56.40767736,56.40767736,56.40767736,56.2192266,62.39236194,63.2280754,65.10342118,68.94938507,68.91488322,68.67377577,64.05086299,52.19144689,56.79096392,68.32516151,68.70193154,68.3899272,68.3899272,68.44765312,69.45611578,69.17943547,69.17943547,68.32165849,67.87899243,62.09748182,62.12291839,69.17943547,68.3899272,68.3899272,63.97053922,63.97053922
6,0,10,70,68.60876858,63.00608754,63.97053922,64.60198697,64.78051815,67.06072429,66.82510504,62.92601103,62.61627892,63.50567385,63.50567385,63.50567385,56.34363353,56.34363353,56.34363353,56.40767736,62.44539277,63.37027022,64.91184047,68.60136616,68.81737726,68.68333826,64.13862254,52.25334744,57.03401883,68.70193154,68.83657662,68.4606276,68.4606276,68.3899272,69.17943547,69.34665033,69.34665033,67.87899243,67.27342893,62.13647858,62.09748182,69.34665033,68.4606276,68.4606276,64.12847666,64.12847666
6,0,20,70,68.6694169,63.15770261,64.12847666,64.78051815,65.03467922,67.76342204,67.06072429,63.19845282,63.50567385,63.48633524,63.48633524,63.48633524,56.29609585,56.29609585,56.29609585,56.34363353,63.06527531,63.71771208,64.89806747,68.73641525,68.8743422,67.84274858,64.3070648,52.67154507,57.09269002,68.83657662,68.44757446,68.63144337,68.63144337,68.4606276,69.34665033,69.30431805,69.30431805,67.27342893,67.87916256,62.02397819,62.13647858,69.30431805,68.63144337,68.63144337,64.21520629,64.21520629
6,0,30,70,69.10326202,63.76698179,64.21520629,65.03467922,65.14460186,66.51482843,67.76342204,63.82700163,63.48633524,63.71156165,63.71156165,63.71156165,56.53621751,56.53621751,56.53621751,56.29609585,62.11932318,63.31323119,65.44848592,69.0177981,68.91392998,68.16649056,64.05313734,52.7767315,57.29506686,68.44757446,68.31736184,68.47943659,68.47943659,68.63144337,69.30431805,69.11935307,69.11935307,67.87916256,68.27009903,61.77109047,62.02397819,69.11935307,68.47943659,68.47943659,64.58028315,64.58028315
6,0,40,70,69.29357029,64.81119888,64.58028315,65.14460186,65.01936364,68.08114496,66.51482843,62.85638787,63.71156165,64.14794062,64.14794062,64.14794062,56.88004554,56.88004554,56.88004554,56.53621751,62.52964686,64.05407419,65.54784644,69.09904879,68.93433773,68.42890449,64.73568312,53.55435559,57.5100066,68.31736184,69.03518201,68.89204018,68.89204018,68.47943659,69.11935307,69.26523056,69.26523056,68.27009903,67.81276367,62.06951377,61.77109047,69.26523056,68.89204018,68.89204018,64.72134491,64.72134491
6,0,50,70,69.26559878,64.95542031,64.72134491,65.01936364,65.43624847,66.53697479,68.08114496,64.63051471,64.14794062,63.78485958,63.78485958,63.78485958,56.84531526,56.84531526,56.84531526,56.88004554,62.87250593,64.3056992,65.45298526,68.95073569,69.00500607,68.27178395,64.56444672,53.94703982,57.81850839,69.03518201,69.05219619,69.22463851,69.22463851,68.89204018,69.26523056,69.66530647,69.66530647,67.81276367,66.18921757,62.55588168,62.06951377,69.66530647,69.22463851,69.22463851,65.21781769,65.21781769
6,1,0,70,69.47372373,65.16937242,65.21781769,65.43624847,65.56644955,67.34821429,66.53697479,63.20529003,63.78485958,63.76605665,63.76605665,63.76605665,56.72520717,56.72520717,56.72520717,56.84531526,63.33626643,64.23703828,65.70274608,69.20282383,69.28651052,68.97680074,65.46270347,54.30141701,58.02113457,69.05219619,68.88132324,69.0213001,69.0213001,69.22463851,69.66530647,69.59319194,69.59319194,66.18921757,66.06967495,61.89863946,62.55588168,69.59319194,69.0213001,69.0213001,65.23111765,65.23111765
6,1,10,70,69.31078557,65.26527568,65.23111765,65.56644955,65.53950687,66.79859944,67.34821429,63.71742239,63.76605665,64.16540662,64.16540662,64.16540662,57.04587067,57.04587067,57.04587067,56.72520717,63.06256141,64.65623221,65.76734042,69.14474115,69.2455319,68.51075033,64.83809862,54.22805707,57.81339025,68.88132324,68.92610123,69.03712108,69.03712108,69.0213001,69.59319194,69.53814409,69.53814409,66.06967495,67.25516373,61.83901444,61.89863946,69.53814409,69.03712108,69.03712108,65.33906699,65.33906699
6,1,20,70,69.19108367,65.23591147,65.33906699,65.53950687,65.28227663,67.37613796,66.79859944,63.45779718,64.16540662,64.23293695,64.23293695,64.23293695,56.67216248,56.67216248,56.67216248,57.04587067,63.49632084,64.70243213,65.86165537,69.03736847,69.16697948,68.40288014,65.54703092,54.46645292,57.77895958,68.92610123,68.49922738,68.99450681,68.99450681,69.03712108,69.53814409,69.50610735,69.50610735,67.25516373,67.24092933,62.46707772,61.83901444,69.50610735,68.99450681,68.99450681,65.25945075,65.25945075
6,1,30,70,69.03601337,65.44004412,65.25945075,65.28227663,65.81034754,66.51365546,67.37613796,63.90289522,64.23293695,64.25406028,64.25406028,64.25406028,56.98888031,56.98888031,56.98888031,56.67216248,59.14922896,61.02724673,65.69316701,68.86788192,69.22283539,68.79325193,65.15023526,54.28276604,57.658173,68.49922738,68.80094287,68.97298994,68.97298994,68.99450681,69.50610735,69.42777224,69.42777224,67.24092933,67.57399696,62.29866628,62.46707772,69.42777224,68.97298994,68.97298994,65.3955719,65.3955719
6,1,40,70,69.25935182,65.19865485,65.3955719,65.81034754,65.67464768,66.75370565,66.51365546,63.11879596,64.25406028,64.2837156,64.2837156,64.2837156,56.92860782,56.92860782,56.92860782,56.98888031,62.87070469,64.42343271,65.87623542,68.76502467,68.43941689,68.42563545,64.95251844,54.56700407,58.13067803,68.80094287,68.67860397,69.07079267,69.07079267,68.97298994,69.42777224,69.59432102,69.59432102,67.57399696,66.94353764,62.74795933,62.29866628,69.59432102,69.07079267,69.07079267,65.4614134,65.4614134
6,1,50,70,69.24022339,65.56342125,65.4614134,65.67464768,65.73287196,67.17875881,66.75370565,63.21181577,64.2837156,63.76786257,63.76786257,63.76786257,57.06094979,57.06094979,57.06094979,56.92860782,63.16194856,64.5485432,65.7619337,68.92267834,68.73356605,68.46937907,65.29361842,54.73375683,57.88332254,68.67860397,68.65486356,69.25206741,69.25206741,69.07079267,69.59432102,69.68582287,69.68582287,66.94353764,66.13695007,62.728154,62.74795933,69.68582287,69.25206741,69.25206741,65.3289215,65.3289215
6,2,0,70,69.10524941,65.52188156,65.3289215,65.73287196,65.8240217,66.53301821,67.17875881,63.34242974,63.76786257,64.20669279,64.20669279,64.20669279,56.90890626,56.90890626,56.90890626,57.06094979,63.26776121,64.80417321,65.87728666,69.00345185,68.88585386,68.36673615,65.45133431,55.23330994,58.044453,68.65486356,68.71815777,69.43203338,69.43203338,69.25206741,69.68582287,69.69081687,69.69081687,66.13695007,66.31515397,62.68264153,62.728154,69.69081687,69.43203338,69.43203338,65.59644118,65.59644118
6,2,10,70,69.22875975,65.66953711,65.59644118,65.8240217,65.87769398,66.82204132,66.53301821,63.11366422,64.20669279,64.27135638,64.27135638,64.27135638,56.67567695,56.67567695,56.67567695,56.90890626,62.61572764,64.16263255,65.69707832,69.04551282,69.0061952,68.37258793,64.97525248,54.80162386,58.17777372,68.71815777,68.7169516,69.27971376,69.27971376,69.43203338,69.69081687,69.5269235,69.5269235,66.31515397,66.65275868,62.70092218,62.68264153,69.5269235,69.27971376,69.27971376,65.47978595,65.47978595
6,2,20,70,69.22152756,65.55479085,65.47978595,65.87769398,65.75135118,67.05587652,66.82204132,62.94477635,64.27135638,64.0849316,64.0849316,64.0849316,56.42034167,56.42034167,56.42034167,56.67567695,62.8931404,64.18477205,65.51421302,68.84572272,68.9215634,68.29784405,65.18944911,54.95986473,58.03664165,68.7169516,68.70199165,69.03540424,69.03540424,69.27971376,69.5269235,69.40305467,69.40305467,66.65275868,67.22212761,62.6897085,62.70092218,69.40305467,69.03540424,69.03540424,65.40574673,65.40574673
6,2,30,70,69.11126912,65.33653468,65.40574673,65.75135118,65.67023485,67.2517507,67.05587652,63.57444853,64.0849316,63.62157344,63.62157344,63.62157344,56.01976828,56.01976828,56.01976828,56.42034167,62.21441673,64.26537378,65.6022134,68.84318599,68.9456665,68.20167873,64.67935399,54.78803689,58.3767574,68.70199165,68.60491855,68.99268099,68.99268099,69.03540424,69.40305467,69.45124413,69.45124413,67.22212761,67.23611895,61.95128676,62.6897085,69.45124413,68.99268099,68.99268099,65.46591114,65.46591114
6,2,40,70,69.15798779,65.48518482,65.46591114,65.67023485,65.37674356,65.90870098,67.2517507,63.29462827,63.62157344,63.661065,63.661065,63.661065,56.28195273,56.28195273,56.28195273,56.01976828,61.39733379,63.29647595,65.27642691,68.82974111,69.06301003,68.50291282,64.91274141,54.19486476,57.74657296,68.60491855,68.09324865,68.94336556,68.94336556,68.99268099,69.45124413,69.51767397,69.51767397,67.23611895,66.46122302,62.43046236,61.95128676,69.51767397,68.94336556,68.94336556,65.12289052,65.12289052
6,2,50,70,69.10332093,65.20518162,65.12289052,65.37674356,65.46426177,65.75815826,65.90870098,62.57695843,63.661065,63.53096425,63.53096425,63.53096425,55.87606278,55.87606278,55.87606278,56.28195273,61.05292956,63.96319444,65.24581301,68.35716908,68.82691796,68.24241363,64.7794162,54.80452478,58.0206925,68.09324865,68.24075252,68.81934368,68.81934368,68.94336556,69.51767397,69.55719166,69.55719166,66.46122302,65.12385016,62.34618622,62.43046236,69.55719166,68.81934368,68.81934368,65.15752778,65.15752778
6,3,0,70,68.98379536,65.33793678,65.15752778,65.46426177,65.70238499,66.19187675,65.75815826,62.15421262,63.53096425,63.57010143,63.57010143,63.57010143,56.02614672,56.02614672,56.02614672,55.87606278,62.19414426,63.84168911,64.8754656,68.33399716,68.51517297,68.01538217,65.44923077,55.25668953,57.72233642,68.24075252,68.12789329,68.89535068,68.89535068,68.81934368,69.55719166,69.56946193,69.56946193,65.12385016,66.044457,62.31738512,62.34618622,69.56946193,68.89535068,68.89535068,65.30353105,65.30353105
6,3,10,70,69.14172501,65.4951631,65.30353105,65.70238499,65.55567766,66.28836785,66.19187675,62.45171569,63.57010143,63.79616151,63.79616151,63.79616151,55.92323867,55.92323867,55.92323867,56.02614672,61.86294845,63.43466175,65.2305745,68.54070828,68.81863472,68.08881267,64.87891636,54.81882983,57.88679047,68.12789329,67.56726994,68.73382735,68.73382735,68.89535068,69.56946193,69.28643276,69.28643276,66.044457,66.71512155,62.05077736,62.31738512,69.28643276,68.73382735,68.73382735,65.4815894,65.4815894
6,3,20,70,69.10341101,65.5935824,65.4815894,65.55567766,65.44104554,67.24579832,66.28836785,62.99026392,63.79616151,63.82214265,63.82214265,63.82214265,55.59818862,55.59818862,55.59818862,55.92323867,62.41326447,63.91962535,65.22064487,68.38975777,68.54345055,67.56822675,64.51373581,55.03823025,57.93538507,67.56726994,67.95923021,68.48328615,68.48328615,68.73382735,69.28643276,69.22504349,69.22504349,66.71512155,64.07733959,61.81728378,62.05077736,69.22504349,68.48328615,68.48328615,65.75363399,65.75363399
6,3,30,70,69.16903374,65.88622499,65.75363399,65.44104554,65.64510449,67.08517157,67.24579832,64.48299632,63.82214265,63.03664994,63.03664994,63.03664994,55.21654373,55.21654373,55.21654373,55.59818862,61.95362395,63.17076331,64.91344591,68.29606306,68.73100248,68.08233835,65.1503188,54.69693689,57.52545925,67.95923021,67.56199204,68.37356215,68.37356215,68.48328615,69.22504349,69.25471939,69.25471939,64.07733959,65.45103638,61.57900557,61.81728378,69.25471939,68.37356215,68.37356215,65.33179126,65.33179126
6,3,40,70,69.25869361,65.51190136,65.33179126,65.64510449,65.7088762,65.91390931,67.08517157,62.71974206,63.03664994,63.42937626,63.42937626,63.42937626,55.49949356,55.49949356,55.49949356,55.21654373,60.15383609,62.5462047,64.51010339,67.96458516,68.65061701,67.71545975,64.4535423,54.81247563,57.5363077,67.56199204,67.20715895,68.39398904,68.39398904,68.37356215,69.25471939,69.35686381,69.35686381,65.45103638,65.37878289,61.64859718,61.57900557,69.35686381,68.39398904,68.39398904,66.10214291,66.10214291
6,3,50,70,69.43014502,66.32144332,66.10214291,65.7088762,65.41948238,66.83043346,65.91390931,61.96901261,63.42937626,63.4092533,63.4092533,63.4092533,55.27230696,55.27230696,55.27230696,55.49949356,61.09282617,63.55005252,64.71123852,67.91902133,68.2415251,67.74501563,64.57923128,54.4461193,56.9165705,67.20715895,66.93552975,67.70500995,67.70500995,68.39398904,69.35686381,69.12537296,69.12537296,65.37878289,64.70102019,60.68240591,61.64859718,69.12537296,67.70500995,67.70500995,65.46324717,65.46324717
6,4,0,70,69.26145937,65.75879624,65.46324717,65.41948238,65.51197683,65.92821351,66.83043346,63.78765044,63.4092533,62.20577809,62.20577809,62.20577809,54.23099989,54.23099989,54.23099989,55.27230696,61.94828624,63.34308935,64.19932178,67.57466359,67.4750633,67.3695907,63.98198222,54.27057807,56.98182803,66.93552975,66.39845736,67.33589668,67.33589668,67.70500995,69.12537296,68.8589216,68.8589216,64.70102019,64.289142,60.05428591,60.68240591,68.8589216,67.33589668,67.33589668,65.58601952,65.58601952
6,4,10,70,69.26481935,66.04437079,65.58601952,65.51197683,64.76604509,65.85545343,65.92821351,62.01982793,62.20577809,62.33237916,62.33237916,62.33237916,53.56173887,53.56173887,53.56173887,54.23099989,58.75979809,61.2167517,63.03923293,66.81681569,67.10614604,65.96795188,63.25359386,53.28270929,56.05548313,66.39845736,64.09609645,67.05017476,67.05017476,67.33589668,68.8589216,68.72013906,68.72013906,64.289142,62.56379065,60.26061261,60.05428591,68.72013906,67.05017476,67.05017476,65.29430946,65.29430946
6,4,20,70,69.0852935,65.95762773,65.29430946,64.76604509,64.66320734,65.66503268,65.85545343,61.60284197,62.33237916,62.43162845,62.43162845,62.43162845,53.29244276,53.29244276,53.29244276,53.56173887,58.10614888,60.27358854,62.55961716,66.17384374,66.68428782,65.78892794,62.39924322,53.03757987,54.99076011,64.09609645,65.36707704,66.54154829,66.54154829,67.05017476,68.72013906,68.50443008,68.50443008,62.56379065,62.87509281,60.15617337,60.26061261,68.50443008,66.54154829,66.54154829,65.12965005,65.12965005
6,4,30,70,68.58633603,65.59073693,65.12965005,64.66320734,64.89917978,65.49019608,65.66503268,62.80526961,62.43162845,62.34751473,62.34751473,62.34751473,54.08487119,54.08487119,54.08487119,53.29244276,58.84393488,61.34471019,62.83647817,66.16772908,66.0751745,65.44243155,62.05632419,52.26934657,55.24727101,65.36707704,64.9629488,67.04988269,67.04988269,66.54154829,68.50443008,68.51911358,68.51911358,62.87509281,62.96446149,60.33658964,60.15617337,68.51911358,67.04988269,67.04988269,64.76995482,64.76995482
6,4,40,70,68.76974244,65.23218307,64.76995482,64.89917978,64.9779487,65.64276961,65.49019608,61.72478992,62.34751473,62.56492381,62.56492381,62.56492381,54.64908212,54.64908212,54.64908212,54.08487119,59.00695584,61.76371382,62.92579619,66.31370631,66.81980739,65.70989252,61.82852176,53.22473893,55.67316212,64.9629488,65.57688291,67.43693489,67.43693489,67.04988269,68.51911358,68.78370168,68.78370168,62.96446149,63.22724797,60.43921303,60.33658964,68.78370168,67.43693489,67.43693489,64.48750511,64.48750511
6,4,50,70,68.74732809,65.09619834,64.48750511,64.9779487,64.98939736,65.63265931,65.64276961,63.00294118,62.56492381,62.00099849,62.00099849,62.00099849,53.66697757,53.66697757,53.66697757,54.64908212,59.33648748,61.05760092,63.1590714,66.73772062,67.24996289,66.8607305,63.00164444,53.72393598,56.28979175,65.57688291,65.74400929,67.48736204,67.48736204,67.43693489,68.78370168,68.83310993,68.83310993,63.22724797,64.85336851,60.5902272,60.43921303,68.83310993,67.48736204,67.48736204,65.04361043,65.04361043
6,5,0,70,69.04378924,65.39421616,65.04361043,64.98939736,64.34331942,64.86121324,65.63265931,62.23030462,62.00099849,62.01855241,62.01855241,62.01855241,53.89639826,53.89639826,53.89639826,53.66697757,58.53611092,60.02691654,62.99904069,66.67427841,66.65969838,66.09770304,62.99632331,53.56429487,56.12158792,65.74400929,66.26839202,67.39994286,67.39994286,67.48736204,68.83310993,68.71706398,68.71706398,64.85336851,64.84956635,60.71714378,60.5902272,68.71706398,67.39994286,67.39994286,64.57948063,64.57948063
6,5,10,70,68.94966042,65.3643009,64.57948063,64.34331942,65.20121044,65.1206427,64.86121324,61.625,62.01855241,61.75094336,61.75094336,61.75094336,53.89769047,53.89769047,53.89769047,53.89639826,58.92376274,60.74915063,63.26946374,66.89906418,67.00324532,65.60582868,62.65449125,52.8157651,55.88750858,66.26839202,66.39270728,67.60586596,67.60586596,67.39994286,68.71706398,68.6690259,68.6690259,64.84956635,64.99843114,61.04361879,60.71714378,68.6690259,67.60586596,67.60586596,65.16325231,65.16325231
6,5,20,70,68.8481927,65.14830912,65.16325231,65.20121044,64.93403208,64.3615128,65.1206427,62.14402428,61.75094336,61.61179556,61.61179556,61.61179556,54.41371695,54.41371695,54.41371695,53.89769047,59.17629526,61.19473597,63.33931548,66.815709,67.28540324,66.79706991,62.47797153,53.15261516,56.43873979,66.39270728,66.69174389,67.51792001,67.51792001,67.60586596,68.6690259,68.92295135,68.92295135,64.99843114,63.86341655,61.56522331,61.04361879,68.92295135,67.51792001,67.51792001,64.38096235,64.38096235
6,5,30,70,68.98262143,65.22668675,64.38096235,64.93403208,65.39913098,65.16084559,64.3615128,61.05784314,61.61179556,62.73488325,62.73488325,62.73488325,54.60474378,54.60474378,54.60474378,54.41371695,58.93385104,60.52693577,63.51136363,67.01814301,67.30007128,66.76180028,63.13350726,53.09527872,56.16177687,66.69174389,66.9885708,68.13567731,68.13567731,67.51792001,68.92295135,69.1101836,69.1101836,63.86341655,64.56727518,62.02125527,61.56522331,69.1101836,68.13567731,68.13567731,64.63129085,64.63129085
6,5,40,70,68.65139793,65.01488265,64.63129085,65.39913098,65.48189381,65.43214869,65.16084559,62.41938025,62.73488325,63.14029695,63.14029695,63.14029695,55.57142254,55.57142254,55.57142254,54.60474378,59.60808073,61.81221373,63.90961982,67.55880416,68.10851174,67.36212875,63.92128535,54.00679507,56.57034819,66.9885708,67.42872718,68.33194819,68.33194819,68.13567731,69.1101836,69.24017168,69.24017168,64.56727518,65.63799622,61.89514384,62.02125527,69.24017168,68.33194819,68.33194819,64.35902002,64.35902002
6,5,50,70,68.40683306,64.51468791,64.35902002,65.48189381,65.67432137,65.39222495,65.43214869,62.69905462,63.14029695,62.46177308,62.46177308,62.46177308,54.98063714,54.98063714,54.98063714,55.57142254,59.78089293,62.16680563,63.9173823,67.64616727,68.0818197,67.48331183,63.72017294,53.73812078,56.98673196,67.42872718,67.1636813,68.35843573,68.35843573,68.33194819,69.24017168,69.21972456,69.21972456,65.63799622,64.86987017,61.59688951,61.89514384,69.21972456,68.35843573,68.35843573,64.63033647,64.63033647
6,6,0,70,68.58590292,64.93573082,64.63033647,65.67432137,65.35817884,64.96997549,65.39222495,62.1311683,62.46177308,62.20805051,62.20805051,62.20805051,55.35162778,55.35162778,55.35162778,54.98063714,59.4984261,62.03074313,64.55098606,68.24527544,68.50550548,67.94678618,63.69547434,53.60697041,57.06577019,67.1636813,67.44403046,68.55568824,68.55568824,68.35843573,69.21972456,69.33832747,69.33832747,64.86987017,65.43776531,61.79806529,61.59688951,69.33832747,68.55568824,68.55568824,64.7709126,64.7709126
6,6,10,70,68.95461208,65.13569263,64.7709126,65.35817884,65.40278188,66.11083878,64.96997549,62.90327381,62.20805051,62.01887106,62.01887106,62.01887106,55.3945507,55.3945507,55.3945507,55.35162778,59.95597463,61.67203189,64.31327569,68.08659256,68.17390931,66.62855871,63.18162991,53.45106527,56.78881948,67.44403046,67.55371467,68.60494339,68.60494339,68.55568824,69.33832747,69.40237771,69.40237771,65.43776531,67.18759256,61.75027708,61.79806529,69.40237771,68.60494339,68.60494339,64.37257439,64.37257439
6,6,20,70,68.84702762,64.87694835,64.37257439,65.40278188,64.85499551,66.17997685,66.11083878,62.43271475,62.01887106,61.58793658,61.58793658,61.58793658,55.72404945,55.72404945,55.72404945,55.3945507,60.11661415,61.54895542,64.5190414,68.17965953,68.42051211,67.87208935,63.79925441,53.4437926,56.97921909,67.55371467,67.84055105,68.76243784,68.76243784,68.60494339,69.40237771,69.4273846,69.4273846,67.18759256,66.61714785,61.95770685,61.75027708,69.4273846,68.76243784,68.76243784,64.23579497,64.23579497
6,6,30,70,68.70130748,64.72087976,64.23579497,64.85499551,65.14002716,65.75490196,66.17997685,62.91585551,61.58793658,61.93170677,61.93170677,61.93170677,56.36561292,56.36561292,56.36561292,55.72404945,60.61345417,62.25705828,64.49919289,68.12071433,68.38207911,67.39873661,63.19623571,53.24980453,56.98989626,67.84055105,67.95606288,69.00445437,69.00445437,68.76243784,69.4273846,69.58642848,69.58642848,66.61714785,65.71135563,62.01869872,61.95770685,69.58642848,69.00445437,69.00445437,64.44114273,64.44114273
6,6,40,70,68.66254377,64.61688183,64.44114273,65.14002716,65.61021131,66.16268382,65.75490196,62.65546218,61.93170677,62.45490029,62.45490029,62.45490029,56.08960972,56.08960972,56.08960972,56.36561292,60.87055822,62.27438976,64.73970448,68.31834973,68.60218885,68.09471062,64.30239445,54.1370086,57.56198189,67.95606288,67.82888265,68.65605019,68.65605019,69.00445437,69.58642848,69.42256387,69.42256387,65.71135563,67.17746765,62.03895165,62.01869872,69.42256387,68.65605019,68.65605019,64.79000959,64.79000959
6,6,50,70,69.01742818,65.2081963,64.79000959,65.61021131,65.24278711,65.97555828,66.16268382,63.05098623,62.45490029,62.3493621,62.3493621,62.3493621,56.34799086,56.34799086,56.34799086,56.08960972,60.83740323,62.13054549,64.33286975,68.08397173,68.25178585,67.82445232,64.29097956,53.67564382,57.09893478,67.82888265,67.95135293,68.91670438,68.91670438,68.65605019,69.42256387,69.46451282,69.46451282,67.17746765,67.33673211,61.64525967,62.03895165,69.46451282,68.91670438,68.91670438,64.50947535,64.50947535
6,7,0,70,68.89672447,64.44573596,64.50947535,65.24278711,65.23533276,65.69838644,65.97555828,63.35690943,62.3493621,62.81834372,62.81834372,62.81834372,56.27083019,56.27083019,56.27083019,56.34799086,60.78311203,61.75916245,64.51843649,68.44963089,68.84169464,68.52206209,64.2126351,53.72022401,57.28467553,67.95135293,68.08533576,68.86920529,68.86920529,68.91670438,69.46451282,69.63329499,69.63329499,67.33673211,66.73640227,61.77686812,61.64525967,69.63329499,68.86920529,68.86920529,64.40658923,64.40658923
6,7,10,70,68.73080183,64.48855307,64.40658923,65.23533276,64.96742515,66.10719635,65.69838644,62.44723389,62.81834372,62.71267395,62.71267395,62.71267395,56.16169339,56.16169339,56.16169339,56.27083019,61.38062975,62.49771659,64.51648765,68.51977972,68.78841948,68.56916702,64.08641508,53.24753181,56.77616397,68.08533576,67.77998749,68.73624418,68.73624418,68.86920529,69.63329499,69.30542137,69.30542137,66.73640227,65.97493167,61.71818733,61.77686812,69.30542137,68.73624418,68.73624418,64.07956628,64.07956628
6,7,20,70,68.80729226,64.33684894,64.07956628,64.96742515,65.10985865,66.00442538,66.10719635,62.86285014,62.71267395,62.62258281,62.62258281,62.62258281,56.11235095,56.11235095,56.11235095,56.16169339,60.79616193,61.77624838,64.35092142,68.64195803,68.86729073,68.43895328,63.56616536,52.69401347,56.65603247,67.77998749,67.57965796,68.60358774,68.60358774,68.73624418,69.30542137,69.44789997,69.44789997,65.97493167,66.57136748,61.51391021,61.71818733,69.44789997,68.60358774,68.60358774,64.36053592,64.36053592
6,7,30,70,68.87645864,64.71126741,64.36053592,65.10985865,65.37215913,65.70475899,66.00442538,62.55922937,62.62258281,62.75666101,62.75666101,62.75666101,55.98029503,55.98029503,55.98029503,56.11235095,59.41163388,60.64308063,64.33864639,68.37272521,68.67229063,68.10238761,63.18054109,52.72475133,56.6913434,67.57965796,67.58368123,68.604676,68.604676,68.60358774,69.44789997,69.4267071,69.4267071,66.57136748,67.53988639,61.45057648,61.51391021,69.4267071,68.604676,68.604676,64.59878187,64.59878187
6,7,40,70,68.90041371,64.69405599,64.59878187,65.37215913,65.19303458,65.74046841,65.70475899,62.3960084,62.75666101,63.02821792,63.02821792,63.02821792,56.20051772,56.20051772,56.20051772,55.98029503,60.05422825,61.26447262,64.37684789,68.53298269,68.75927958,68.36519867,63.38585975,52.36065442,56.61508223,67.58368123,67.95189573,68.62844799,68.62844799,68.604676,69.4267071,69.29619986,69.29619986,67.53988639,65.69657879,61.4172185,61.45057648,69.29619986,68.62844799,68.62844799,64.75843279,64.75843279
6,7,50,70,68.74438104,64.678229,64.75843279,65.19303458,65.20498587,66.23474265,65.74046841,62.83522993,63.02821792,62.51721272,62.51721272,62.51721272,56.21179088,56.21179088,56.21179088,56.20051772,60.32256159,61.24867134,64.14328593,68.26478918,68.50131767,68.22215869,63.30663465,52.54899935,56.92696373,67.95189573,67.76869697,68.66158562,68.66158562,68.62844799,69.29619986,69.40381525,69.40381525,65.69657879,65.70458203,61.25026172,61.4172185,69.40381525,68.66158562,68.66158562,64.63858163,64.63858163
6,8,0,70,69.0158606,64.74945478,64.63858163,65.20498587,64.67243751,65.04221133,66.23474265,62.66479342,62.51721272,62.47746574,62.47746574,62.47746574,56.03057426,56.03057426,56.03057426,56.21179088,61.53192402,62.33869048,64.04261342,68.25517056,68.63034942,68.26779799,62.85062385,52.15168193,56.53872079,67.76869697,67.61185834,68.59910178,68.59910178,68.66158562,69.40381525,69.34717797,69.34717797,65.70458203,67.69509823,60.0792097,61.25026172,69.34717797,68.59910178,68.59910178,64.50853936,64.50853936
6,8,10,70,69.02503591,64.75401037,64.50853936,64.67243751,64.82568403,66.03312228,65.04221133,60.36744281,62.47746574,62.70809821,62.70809821,62.70809821,55.79632691,55.79632691,55.79632691,56.03057426,60.68750645,61.90698689,63.96545109,68.37272375,68.74519124,68.21066878,63.185268,52.02427663,56.58914395,67.61185834,67.27788409,68.04819984,68.04819984,68.59910178,69.34717797,69.24336165,69.24336165,67.69509823,66.15944805,59.40819528,60.0792097,69.24336165,68.04819984,68.04819984,64.71200904,64.71200904
6,8,20,70,69.15802709,64.75188365,64.71200904,64.82568403,64.64449192,66.13187636,66.03312228,61.63926821,62.70809821,62.20631535,62.20631535,62.20631535,56.42100769,56.42100769,56.42100769,55.79632691,59.99462181,60.82287812,63.8878267,68.26633949,68.53085285,67.75983642,62.50449043,51.8099788,56.19893761,67.27788409,66.97393766,68.30092734,68.30092734,68.04819984,69.24336165,68.95673041,68.95673041,66.15944805,66.78855859,59.55123848,59.40819528,68.95673041,68.30092734,68.30092734,64.75702437,64.75702437
6,8,30,70,69.06035416,64.86788378,64.75702437,64.64449192,64.62290121,65.35253949,66.13187636,61.12858894,62.20631535,62.51693058,62.51693058,62.51693058,56.32779084,56.32779084,56.32779084,56.42100769,61.3068394,62.053338,64.22929047,68.50249564,68.63775722,68.11325926,62.41380493,51.63341859,56.23081724,66.97393766,67.2019682,68.09560178,68.09560178,68.30092734,68.95673041,69.04455563,69.04455563,66.78855859,65.35871569,59.49464079,59.55123848,69.04455563,68.09560178,68.09560178,64.72735507,64.72735507
6,8,40,70,69.25720954,64.71772954,64.72735507,64.62290121,64.62559508,65.7838031,65.35253949,61.50778478,62.51693058,62.59837548,62.59837548,62.59837548,56.41222838,56.41222838,56.41222838,56.32779084,60.28726898,60.4456683,63.77097343,68.4172804,68.75749937,68.18468704,63.03452244,52.16053075,56.30176819,67.2019682,67.36959892,68.21007024,68.21007024,68.09560178,69.04455563,69.15697948,69.15697948,65.35871569,65.03576299,59.34399811,59.49464079,69.15697948,68.21007024,68.21007024,64.91758667,64.91758667
6,8,50,70,69.23063202,64.87829229,64.91758667,64.62559508,64.68583195,65.78604984,65.7838031,62.45579482,62.59837548,62.17237864,62.17237864,62.17237864,55.97569835,55.97569835,55.97569835,56.41222838,60.69212963,60.87756769,63.71966088,68.16457336,68.29989312,67.73084976,62.75516062,51.72452786,56.084977,67.36959892,67.06678691,68.31918853,68.31918853,68.21007024,69.15697948,69.01772192,69.01772192,65.03576299,65.90920204,59.20049455,59.34399811,69.01772192,68.31918853,68.31918853,64.64860934,64.64860934
6,9,0,70,68.96004986,64.40606829,64.64860934,64.68583195,64.15976686,65.58411629,65.78604984,62.2860936,62.17237864,62.26457714,62.26457714,62.26457714,55.89140635,55.89140635,55.89140635,55.97569835,60.08031849,60.8026954,63.24916864,68.00314497,68.44484727,68.09650774,62.84333221,51.63070828,56.14526339,67.06678691,66.73838815,68.02844787,68.02844787,68.31918853,69.01772192,69.14910945,69.14910945,65.90920204,65.25065656,59.10623708,59.20049455,69.14910945,68.02844787,68.02844787,64.86099896,64.86099896
6,9,10,70,69.19387588,64.89410322,64.86099896,64.15976686,63.93645778,66.56930828,65.58411629,61.43794935,62.26457714,61.54077769,61.54077769,61.54077769,55.5844728,55.5844728,55.5844728,55.89140635,60.91458686,60.90478332,63.20668391,68.25380772,68.35548287,67.69442202,62.18494592,50.80206866,55.45014503,66.73838815,66.27029806,67.45963732,67.45963732,68.02844787,69.14910945,68.69283988,68.69283988,65.25065656,64.75196191,58.24029154,59.10623708,68.69283988,67.45963732,67.45963732,64.51297954,64.51297954
6,9,20,70,69.29928409,64.60497427,64.51297954,63.93645778,63.76902601,65.96704793,66.56930828,61.68000117,61.54077769,61.46054021,61.46054021,61.46054021,55.66433098,55.66433098,55.66433098,55.5844728,60.68423177,61.27352941,63.1300332,67.906412,67.97028195,67.48041161,62.39406444,50.73488806,55.15951608,66.27029806,65.29461572,67.05547849,67.05547849,67.45963732,68.69283988,68.08080373,68.08080373,64.75196191,64.90328377,54.46374808,58.24029154,68.08080373,67.05547849,67.05547849,64.65271384,64.65271384
6,9,30,70,69.30166013,64.69199524,64.65271384,63.76902601,63.73815801,65.78050109,65.96704793,61.71177638,61.46054021,61.56272064,61.56272064,61.56272064,55.9964149,55.9964149,55.9964149,55.66433098,60.37896711,60.47190604,63.0471978,68.08416555,68.42878354,66.72488909,61.00318174,50.24076131,55.29504402,65.29461572,64.14444022,66.52334532,66.52334532,67.05547849,68.08080373,67.82824041,67.82824041,64.90328377,65.14084607,49.43683473,54.46374808,67.82824041,66.52334532,66.52334532,64.58059641,64.58059641
6,9,40,70,69.22755256,64.60650144,64.58059641,63.73815801,63.7560303,65.74816176,65.78050109,61.45065943,61.56272064,60.90559357,60.90559357,60.90559357,56.00707326,56.00707326,56.00707326,55.9964149,57.29835176,57.6214961,63.06363902,68.13661351,68.44393677,67.41634709,61.33500172,50.01961785,54.53138665,64.14444022,65.73593153,66.62740294,66.62740294,66.52334532,67.82824041,68.3593033,68.3593033,65.14084607,64.68076677,48.07412482,49.43683473,68.3593033,66.62740294,66.62740294,64.37405335,64.37405335
6,9,50,70,69.25126484,64.67342075,64.37405335,63.7560303,63.80492515,66.28961737,65.74816176,59.82705999,60.90559357,60.68326785,60.68326785,60.68326785,55.82331741,55.82331741,55.82331741,56.00707326,60.51020717,60.2958847,62.98372714,68.15557864,68.59511992,67.5558893,61.75868712,50.55640538,55.19703526,65.73593153,66.3126694,66.823244,66.823244,66.62740294,68.3593033,68.66202131,68.66202131,64.68076677,65.58812555,48.87083487,48.07412482,68.66202131,66.823244,66.823244,64.32398764,64.32398764
6,10,0,70,69.19785448,64.46469581,64.32398764,63.80492515,63.63060745,63.48318355,66.28961737,59.69756069,60.68326785,59.86118777,59.86118777,59.86118777,55.64384003,55.64384003,55.64384003,55.82331741,59.70004252,60.13034936,62.93533195,68.02894826,68.60360777,67.56168814,61.62801306,50.45310333,55.55275337,66.3126694,65.72522262,66.39867832,66.39867832,66.823244,68.66202131,68.39028912,68.39028912,65.58812555,65.45752455,48.87023226,48.87083487,68.39028912,66.39867832,66.39867832,64.56262077,64.56262077
6,10,10,70,69.23144515,64.44575255,64.56262077,63.63060745,63.32707671,61.50704657,63.48318355,56.78869048,59.86118777,58.73811831,58.73811831,58.73811831,55.41269829,55.41269829,55.41269829,55.64384003,58.32705873,58.4625698,62.68965074,67.72566664,68.40768224,67.65176363,61.72141022,49.81041632,54.68644779,65.72522262,64.81818702,65.49558434,65.49558434,66.39867832,68.39028912,67.61668378,67.61668378,65.45752455,63.98804561,44.72621965,48.87023226,67.61668378,65.49558434,65.49558434,64.31037759,64.31037759
6,10,20,70,69.13309306,64.38249202,64.31037759,63.32707671,63.27405025,61.80899374,61.50704657,55.39196429,58.73811831,57.99148502,57.99148502,57.99148502,55.3428544,55.3428544,55.3428544,55.41269829,60.22576917,60.27344188,62.38932676,67.62927994,67.90708137,66.77898998,60.33343187,48.30051392,52.85343657,64.81818702,62.05365629,64.98501797,64.98501797,65.49558434,67.61668378,67.07327815,67.07327815,63.98804561,58.74875336,41.35928805,44.72621965,67.07327815,64.98501797,64.98501797,64.31382761,64.31382761
6,10,30,70,69.12558939,64.40727322,64.31382761,63.27405025,63.18982616,59.38085512,61.80899374,53.61420401,57.99148502,56.95892164,56.95892164,56.95892164,55.50955336,55.50955336,55.50955336,55.3428544,57.58336942,57.39492095,62.16968662,66.90569171,66.61223306,66.5931547,60.60780912,48.14967915,51.98390911,62.05365629,63.13800706,63.09189263,63.09189263,64.98501797,67.07327815,65.48795446,65.48795446,58.74875336,53.17474651,37.1419639,41.35928805,65.48795446,63.09189263,63.09189263,64.13001337,64.13001337
6,10,40,70,69.34251135,64.35007911,64.13001337,63.18982616,63.22176266,54.40825844,59.38085512,51.23312908,56.95892164,55.76245685,55.76245685,55.76245685,55.16245815,55.16245815,55.16245815,55.50955336,57.15977346,56.01141165,61.65466115,66.80320684,66.77206852,67.23725015,60.74328496,47.7068444,52.23251863,63.13800706,62.45989517,61.80910581,61.80910581,63.09189263,65.48795446,64.4970006,64.4970006,53.17474651,50.72740012,34.82124729,37.1419639,64.4970006,61.80910581,61.80910581,63.98449198,63.98449198
6,10,50,70,69.27470153,63.97839819,63.98449198,63.22176266,63.23045116,53.22514978,54.40825844,51.29487628,55.76245685,55.56276927,55.56276927,55.56276927,55.5729815,55.5729815,55.5729815,55.16245815,57.62581351,57.37044298,61.77312462,66.84733862,66.55783745,66.64255244,59.89371556,47.34503533,52.6062462,62.45989517,60.27004039,60.85060045,60.85060045,61.80910581,64.4970006,63.4903794,63.4903794,50.72740012,48.83087831,32.69023322,34.82124729,63.4903794,60.85060045,60.85060045,64.25092654,64.25092654
6,11,0,70,69.12415764,64.30492528,64.25092654,63.23045116,62.88055215,49.58496732,53.22514978,51.86181139,55.56276927,54.70507825,54.70507825,54.70507825,55.23920672,55.23920672,55.23920672,55.5729815,58.16676805,57.57099353,61.80921703,66.7303627,66.65849991,66.85827116,59.61818047,46.93642776,51.43660441,60.27004039,59.16432772,61.52179019,61.52179019,60.85060045,63.4903794,64.4429606,64.4429606,48.83087831,49.24077933,32.12028742,32.69023322,64.4429606,61.52179019,61.52179019,62.91089201,62.91089201
6,11,10,70,68.9160853,62.72374837,62.91089201,62.88055215,63.13740355,46.60951117,49.58496732,51.62100257,54.70507825,52.32028576,52.32028576,52.32028576,55.08555248,55.08555248,55.08555248,55.23920672,59.04844126,59.17428761,61.99103739,66.72651415,67.05425346,66.30398367,57.29102901,45.8961447,49.21940342,59.16432772,57.32421525,60.9144867,60.9144867,61.52179019,64.4429606,63.71373888,63.71373888,49.24077933,48.80654264,31.67529909,32.12028742,63.71373888,60.9144867,60.9144867,63.12932476,63.12932476
6,11,20,70,67.91394963,61.90913919,63.12932476,63.13740355,62.62982367,46.82598039,46.60951117,50.48548669,52.32028576,51.12782208,51.12782208,51.12782208,54.63700039,54.63700039,54.63700039,55.08555248,58.31634173,57.52422695,61.11204227,65.48587692,66.43420951,65.64058206,56.83960066,43.62487116,46.05120855,57.32421525,56.78674896,61.0691253,61.0691253,60.9144867,63.71373888,64.07443643,64.07443643,48.80654264,44.56016789,29.75946131,31.67529909,64.07443643,61.0691253,61.0691253,62.61253157,62.61253157
6,11,30,70,67.82713295,61.49450378,62.61253157,62.62982367,61.76688453,48.48175381,46.82598039,50.39136905,51.12782208,50.9658591,50.9658591,50.9658591,54.02117114,54.02117114,54.02117114,54.63700039,57.30929846,56.01912752,59.73494117,63.28944482,63.86889144,63.68826859,54.49780527,41.43606705,46.11700396,56.78674896,56.356338,59.10368385,59.10368385,61.0691253,64.07443643,61.28179523,61.28179523,44.56016789,42.07361824,29.16709884,29.75946131,61.28179523,59.10368385,59.10368385,61.5999183,61.5999183
6,11,40,70,67.63799399,61.2927632,61.5999183,61.76688453,61.6875783,55.24152369,48.48175381,50.61896008,50.9658591,50.40794902,50.40794902,50.40794902,54.10016246,54.10016246,54.10016246,54.02117114,57.44721025,56.56393527,58.12104943,60.97901064,60.88023404,61.91920161,53.36523237,41.55013411,46.12684108,56.356338,55.57305859,57.77733394,57.77733394,59.10368385,61.28179523,59.46147707,59.46147707,42.07361824,39.71704696,26.91577837,29.16709884,59.46147707,57.77733394,57.77733394,62.08465352,62.08465352
6,11,50,70,68.23409719,62.36804707,62.08465352,61.6875783,61.27812387,54.44750817,55.24152369,53.06436741,50.40794902,50.33428508,50.33428508,50.33428508,53.9846925,53.9846925,53.9846925,54.10016246,54.57478143,53.06389048,57.88235419,60.23762633,59.68379624,62.08672142,53.18986656,41.15979413,46.6546967,55.57305859,55.44865748,57.62386673,57.62386673,57.77733394,59.46147707,59.43627666,59.43627666,39.71704696,40.22510078,26.79442356,26.91577837,59.43627666,57.62386673,57.62386673,62.99490307,62.99490307
6,12,0,70,69.05470503,63.98372739,62.99490307,61.27812387,61.1742613,46.28366694,54.44750817,52.10308123,50.33428508,50.19561342,50.19561342,50.19561342,53.55980692,53.55980692,53.55980692,53.9846925,59.33554707,58.06170343,58.37994366,60.81333933,59.92653011,62.78159893,53.06438228,41.81655661,46.61499884,55.44865748,52.26069633,56.47003471,56.47003471,57.62386673,59.43627666,59.7572675,59.7572675,40.22510078,39.12919011,26.48832136,26.79442356,59.7572675,56.47003471,56.47003471,63.54879679,63.54879679
6,12,10,70,69.15514959,64.14864484,63.54879679,61.1742613,57.18327563,46.51712282,46.28366694,50.88347923,50.19561342,49.66842486,49.66842486,49.66842486,52.35904557,52.35904557,52.35904557,53.55980692,54.2313943,53.01604941,56.54401288,59.30655792,59.99560847,63.08355999,50.53368443,41.1553831,45.48066978,52.26069633,52.18027323,54.80037817,54.80037817,56.47003471,59.7572675,57.50333913,57.50333913,39.12919011,38.54405557,24.95893268,26.48832136,57.50333913,54.80037817,54.80037817,61.90067588,61.90067588
6,12,20,70,69.03919239,63.88561096,61.90067588,57.18327563,56.30278502,45.22005719,46.51712282,51.00799486,49.66842486,49.3927721,49.3927721,49.3927721,51.46984954,51.46984954,51.46984954,52.35904557,51.16468546,49.96663681,53.5602828,57.01222089,58.02421358,60.71094214,49.53523435,39.48699732,43.25972595,52.18027323,49.45880781,54.51189143,54.51189143,54.80037817,57.50333913,57.29958252,57.29958252,38.54405557,34.8863141,24.87878415,24.95893268,57.29958252,54.51189143,54.51189143,62.13013963,62.13013963
6,12,30,70,69.03832354,63.94724362,62.13013963,56.30278502,57.17193741,44.77770969,45.22005719,51.01270758,49.3927721,48.75266859,48.75266859,48.75266859,50.44509918,50.44509918,50.44509918,51.46984954,46.0307506,46.41235937,51.52106865,53.93918221,55.37240233,57.5509549,46.82365862,38.81224456,43.67786111,49.45880781,47.67803324,51.97823197,51.97823197,54.51189143,57.29958252,53.7075213,53.7075213,34.8863141,34.76332049,25.4578063,24.87878415,53.7075213,51.97823197,51.97823197,61.61449978,61.61449978
6,12,40,70,68.86352976,63.99384259,61.61449978,57.17193741,58.61791485,44.27958197,44.77770969,49.7488387,48.75266859,48.74939792,48.74939792,48.74939792,50.6894721,50.6894721,50.6894721,50.44509918,45.30730587,46.42941722,49.76041448,51.7177393,53.33787238,58.78097314,45.93732414,38.363657,42.17382325,47.67803324,46.54504413,51.14070891,51.14070891,51.97823197,53.7075213,55.22061628,55.22061628,34.76332049,36.11071963,25.53682154,25.4578063,55.22061628,51.14070891,51.14070891,61.7889056,61.7889056
6,12,50,70,69.12325886,63.71566647,61.7889056,58.61791485,58.82259166,45.38160475,44.27958197,50.61240079,48.74939792,48.80067372,48.80067372,48.80067372,51.02259775,51.02259775,51.02259775,50.6894721,47.03027814,47.0874881,50.53632762,52.48734267,55.03466092,58.89150904,45.16463402,38.25193749,40.94709955,46.54504413,47.68904164,52.18064273,52.18064273,51.14070891,55.22061628,54.73483245,54.73483245,36.11071963,37.55665931,26.99781104,25.53682154,54.73483245,52.18064273,52.18064273,62.04523202,62.04523202
6,13,0,70,68.93919815,63.82699174,62.04523202,58.82259166,58.33972112,46.17807053,45.38160475,50.87307331,48.80067372,48.82009593,48.82009593,48.82009593,51.40378603,51.40378603,51.40378603,51.02259775,47.47490647,46.39506719,51.25022931,53.20909743,55.8399055,57.77981931,45.16560465,38.36319631,41.40680182,47.68904164,45.81901956,52.61899103,52.61899103,52.18064273,54.73483245,53.45044239,53.45044239,37.55665931,37.85713573,27.39054873,26.99781104,53.45044239,52.61899103,52.61899103,61.76211936,61.76211936
6,13,10,70,69.14623738,63.5511735,61.76211936,58.33972112,57.44297726,43.6807598,46.17807053,50.42448646,48.82009593,48.63396085,48.63396085,48.63396085,50.74512616,50.74512616,50.74512616,51.40378603,48.12094621,46.58475646,52.15055884,54.64259669,56.13060856,57.89429924,45.12729566,38.55437384,42.15550742,45.81901956,45.15367853,50.59094682,50.59094682,52.61899103,53.45044239,51.78244455,51.78244455,37.85713573,35.67167473,25.77954492,27.39054873,51.78244455,50.59094682,50.59094682,60.81182041,60.81182041
6,13,20,70,68.90304148,63.5926073,60.81182041,57.44297726,57.06195874,43.74618736,43.6807598,49.69511555,48.63396085,48.4184953,48.4184953,48.4184953,50.06851977,50.06851977,50.06851977,50.74512616,46.95430631,45.60266225,50.22438222,52.81293844,55.27231093,59.08083139,45.77866257,38.11933121,41.24576238,45.15367853,46.1351727,50.08414674,50.08414674,50.59094682,51.78244455,51.4049636,51.4049636,35.67167473,33.16581964,22.77852117,25.77954492,51.4049636,50.08414674,50.08414674,60.36935717,60.36935717
6,13,30,70,67.92790903,61.03673666,60.36935717,57.06195874,57.0989345,45.73389842,43.74618736,50.01470588,48.4184953,47.98854805,47.98854805,47.98854805,50.24080173,50.24080173,50.24080173,50.06851977,47.28227929,46.70386225,50.16285764,53.22114544,55.94860474,58.35228039,45.84444429,38.59817289,41.07078228,46.1351727,46.29952387,48.47385427,48.47385427,50.08414674,51.4049636,51.12614249,51.12614249,33.16581964,31.84596075,21.30474327,22.77852117,51.12614249,48.47385427,48.47385427,61.54810235,61.54810235
6,13,40,70,67.55816231,60.64916358,61.54810235,57.0989345,58.86636558,46.06243192,45.73389842,50.50162815,47.98854805,47.59598191,47.59598191,47.59598191,50.42014785,50.42014785,50.42014785,50.24080173,47.92726937,46.5791076,50.99673842,53.82968728,55.20267222,58.85717927,46.75621959,37.73593251,40.42067926,46.29952387,45.11658717,47.94919469,47.94919469,48.47385427,51.12614249,51.25910903,51.25910903,31.84596075,31.77947782,21.8599808,21.30474327,51.25910903,47.94919469,47.94919469,62.41298943,62.41298943
6,13,50,70,67.48750402,60.97748339,62.41298943,58.86636558,60.85554672,46.14470997,46.06243192,49.62987278,47.59598191,48.14097506,48.14097506,48.14097506,51.21150604,51.21150604,51.21150604,50.42014785,47.52604598,46.80482104,49.61881302,52.12473131,54.18977565,56.88712224,45.40292165,37.15753372,39.50909367,45.11658717,44.75221787,49.87241707,49.87241707,47.94919469,51.25910903,53.18715716,53.18715716,31.77947782,32.68223008,22.12804597,21.8599808,53.18715716,49.87241707,49.87241707,62.23444871,62.23444871
6,14,0,70,67.44253333,60.95945617,62.23444871,60.85554672,59.50054126,44.85110294,46.14470997,50.15026844,48.14097506,47.71424458,47.71424458,47.71424458,51.20830121,51.20830121,51.20830121,51.21150604,48.41735516,47.26413674,50.08816995,51.88907299,53.3734156,57.4076229,45.26610935,37.19370837,39.85269767,44.75221787,45.53468849,50.00719598,50.00719598,49.87241707,53.18715716,53.39542699,53.39542699,32.68223008,31.48089196,21.67941053,22.12804597,53.39542699,50.00719598,50.00719598,63.49729649,63.49729649
6,14,10,70,67.61109931,61.33148912,63.49729649,59.50054126,54.05556328,43.75854439,44.85110294,50.4290091,47.71424458,47.2991925,47.2991925,47.2991925,50.72285147,50.72285147,50.72285147,51.20830121,47.30734459,46.37987817,50.66487545,52.23257336,53.36604747,57.89612394,45.54057181,37.5381362,39.75406384,45.53468849,46.72058017,47.54653139,47.54653139,50.00719598,53.39542699,51.00078761,51.00078761,31.48089196,30.78137222,21.46768339,21.67941053,51.00078761,47.54653139,47.54653139,59.31740551,59.31740551
6,14,20,70,67.50326662,61.00651844,59.31740551,54.05556328,51.07929552,42.09405637,43.75854439,48.95033847,47.2991925,47.48303791,47.48303791,47.48303791,49.14002765,49.14002765,49.14002765,50.72285147,48.10670685,47.75171079,48.95656392,50.04267224,52.0950003,55.48690273,42.87954393,37.18928019,40.4016596,46.72058017,44.70358923,47.64253371,47.64253371,47.54653139,51.00078761,50.72066346,50.72066346,30.78137222,29.83045995,20.75691847,21.46768339,50.72066346,47.64253371,47.64253371,57.17187868,57.17187868
6,14,30,70,67.48594373,59.68997794,57.17187868,51.07929552,49.85088896,42.02988834,42.09405637,49.23476891,47.48303791,47.4789494,47.4789494,47.4789494,48.54413233,48.54413233,48.54413233,49.14002765,48.28878537,49.5164341,47.71810094,48.86978433,50.08096681,53.25081375,41.15341269,35.40010467,37.78555812,44.70358923,43.83284347,47.61372643,47.61372643,47.64253371,50.72066346,50.4106378,50.4106378,29.83045995,31.46269069,20.80828892,20.75691847,50.4106378,47.61372643,47.61372643,57.25350532,57.25350532
6,14,40,70,67.14291511,60.09749703,57.25350532,49.85088896,49.816026,45.54234749,42.02988834,49.97178455,47.4789494,46.29661525,46.29661525,46.29661525,47.4371418,47.4371418,47.4371418,48.54413233,47.28375639,48.90044306,47.80058284,48.91030151,50.1327999,53.02384007,41.13414495,34.2995736,37.43764274,43.83284347,42.56947472,48.14658223,48.14658223,47.61372643,50.4106378,49.88303266,49.88303266,31.46269069,32.15128133,20.56820085,20.80828892,49.88303266,48.14658223,48.14658223,57.66161958,57.66161958
6,14,50,70,67.51876737,61.45123729,57.66161958,49.816026,51.11612789,45.47583061,45.54234749,50.11420401,46.29661525,46.14919921,46.14919921,46.14919921,47.88027335,47.88027335,47.88027335,47.4371418,47.14011687,48.2789125,46.16035132,47.47303906,47.67550621,49.55696253,38.83845585,34.6346427,38.64293686,42.56947472,41.21435966,48.37741672,48.37741672,48.14658223,49.88303266,50.26381824,50.26381824,32.15128133,33.04721067,21.62324196,20.56820085,50.26381824,48.37741672,48.37741672,57.08785166,57.08785166
6,15,0,70,67.83506097,61.89082828,57.08785166,51.11612789,46.64319467,45.62962963,45.47583061,49.45807073,46.14919921,46.24021091,46.24021091,46.24021091,47.00664254,47.00664254,47.00664254,47.88027335,52.36594253,50.17217105,45.51696671,47.05864619,48.37462329,45.23140772,35.85252513,33.757865,37.70933752,41.21435966,41.16491022,49.42063456,49.42063456,48.37741672,50.26381824,51.86349037,51.86349037,33.04721067,34.03497575,22.67123731,21.62324196,51.86349037,49.42063456,49.42063456,52.56900575,52.56900575
6,15,10,70,66.80121426,60.70340834,52.56900575,46.64319467,40.70143195,45.87854031,45.62962963,50.54378501,46.24021091,46.07477839,46.07477839,46.07477839,45.39690817,45.39690817,45.39690817,47.00664254,52.52977801,50.86465521,45.52137444,45.90195945,46.02656676,42.01637174,34.68847703,32.65197295,36.90910644,41.16491022,39.90109128,48.67172799,48.67172799,49.42063456,51.86349037,51.11157125,51.11157125,34.03497575,33.73024867,22.7781394,22.67123731,51.11157125,48.67172799,48.67172799,47.5269377,47.5269377
6,15,20,70,66.97120398,59.15733612,47.5269377,40.70143195,39.64479663,42.82077206,45.87854031,50.37981443,46.07477839,45.79004809,45.79004809,45.79004809,43.65705328,43.65705328,43.65705328,45.39690817,48.95555208,46.78445788,41.26275649,42.46574662,43.13178422,40.61782968,34.37118453,32.09400987,35.3452603,39.90109128,39.45507472,49.81718648,49.81718648,48.67172799,51.11157125,51.34762151,51.34762151,33.73024867,32.91704903,23.80150255,22.7781394,51.34762151,49.81718648,49.81718648,44.48707552,44.48707552
6,15,30,70,66.10380022,57.62272684,44.48707552,39.64479663,40.8759826,42.91469227,42.82077206,49.75294868,45.79004809,44.8997517,44.8997517,44.8997517,41.82142886,41.82142886,41.82142886,43.65705328,50.46094104,48.08958,39.98547053,39.09781659,39.79603467,38.05061132,32.79257514,31.53644403,36.016708,39.45507472,39.54179838,48.27585978,48.27585978,49.81718648,51.34762151,51.58859157,51.58859157,32.91704903,34.40931706,25.07857293,23.80150255,51.58859157,48.27585978,48.27585978,44.99608376,44.99608376
6,15,40,70,65.30649205,56.47109153,44.99608376,40.8759826,42.93969856,44.22634123,42.91469227,49.82446312,44.8997517,45.7662757,45.7662757,45.7662757,40.12222031,40.12222031,40.12222031,41.82142886,46.78334529,43.17986986,38.71259497,38.64556007,38.22260093,35.89205727,31.88319997,31.73208946,35.43886633,39.54179838,41.29973066,49.49405551,49.49405551,48.27585978,51.58859157,53.76707438,53.76707438,34.40931706,34.77338612,25.3743357,25.07857293,53.76707438,49.49405551,49.49405551,44.53401147,44.53401147
6,15,50,70,66.63553315,54.70100755,44.53401147,42.93969856,46.64404177,41.27369281,44.22634123,50.45744631,45.7662757,44.61513681,44.61513681,44.61513681,38.46574699,38.46574699,38.46574699,40.12222031,39.67518507,38.44124566,36.67022421,36.98055714,37.12693873,35.79725492,34.01326519,31.81614297,35.63800281,41.29973066,42.07917614,51.84947275,51.84947275,49.49405551,53.76707438,54.25696527,54.25696527,34.77338612,35.40180305,25.42247689,25.3743357,54.25696527,51.84947275,51.84947275,50.49450047,50.49450047
6,16,0,70,65.89785741,56.80861524,50.49450047,46.64404177,45.40784467,42.31059368,41.27369281,49.36951447,44.61513681,44.13189717,44.13189717,44.13189717,37.31553406,37.31553406,37.31553406,38.46574699,39.39191752,38.3008758,35.21567905,34.94771176,35.65002932,35.5318949,33.22188978,31.74220876,35.53815267,42.07917614,43.21767546,52.02898014,52.02898014,51.84947275,54.25696527,54.94374711,54.94374711,35.40180305,35.50842493,23.84568493,25.42247689,54.94374711,52.02898014,52.02898014,51.52832932,51.52832932
6,16,10,70,65.48472661,56.88307519,51.52832932,45.40784467,41.66535648,41.39195261,42.31059368,49.43326914,44.13189717,44.40627943,44.40627943,44.40627943,36.51745296,36.51745296,36.51745296,37.31553406,36.84926689,38.13407592,35.99411917,35.49973718,35.3373013,35.70507833,33.60172422,31.72481452,36.00806216,43.21767546,42.39957586,51.82129768,51.82129768,52.02898014,54.94374711,54.14718148,54.14718148,35.50842493,34.93013625,22.4276637,23.84568493,54.14718148,51.82129768,51.82129768,49.4011547,49.4011547
6,16,20,70,63.31939608,54.47220765,49.4011547,41.66535648,41.89926912,43.16301743,41.39195261,49.77016223,44.40627943,43.16797573,43.16797573,43.16797573,36.07400604,36.07400604,36.07400604,36.51745296,38.64481947,38.30906286,35.8971203,35.47421526,36.44302695,35.33648014,32.909753,32.08556509,36.39590929,42.39957586,40.51827408,52.49709693,52.49709693,51.82129768,54.14718148,55.87408223,55.87408223,34.93013625,34.98502714,22.68915827,22.4276637,55.87408223,52.49709693,52.49709693,48.33363527,48.33363527
6,16,30,70,62.11479447,56.39902154,48.33363527,41.89926912,40.68170771,45.78894336,43.16301743,49.32795868,43.16797573,42.45057356,42.45057356,42.45057356,34.35154808,34.35154808,34.35154808,36.07400604,35.42097878,34.95693149,35.06372148,34.45876854,35.05435547,33.556716,31.76879382,31.13126497,34.98890372,40.51827408,39.45769079,52.57865294,52.57865294,52.49709693,55.87408223,54.29123818,54.29123818,34.98502714,34.40131185,21.8672941,22.68915827,54.29123818,52.57865294,52.57865294,48.19628446,48.19628446
6,16,40,70,63.94620518,55.90486857,48.19628446,40.68170771,42.29019183,44.47303922,45.78894336,48.99276377,42.45057356,41.9365133,41.9365133,41.9365133,33.89736213,33.89736213,33.89736213,34.35154808,31.9328693,32.35819328,33.67398052,33.06786089,33.97427571,31.90335606,30.84347242,30.98290603,34.51012315,39.45769079,39.71139081,51.24953079,51.24953079,52.57865294,54.29123818,53.58211221,53.58211221,34.40131185,35.17976073,22.18578344,21.8672941,53.58211221,51.24953079,51.24953079,49.59315529,49.59315529
6,16,50,70,65.28874706,58.41416333,49.59315529,42.29019183,43.67433961,46.65730528,44.47303922,49.39784664,41.9365133,42.57124439,42.57124439,42.57124439,34.80045245,34.80045245,34.80045245,33.89736213,32.23948022,33.78090493,33.92150357,33.40431637,34.31135061,31.51567032,30.10077962,30.31790688,34.98954003,39.71139081,39.39345727,50.63573881,50.63573881,51.24953079,53.58211221,51.9965612,51.9965612,35.17976073,35.09986613,22.76936904,22.18578344,51.9965612,50.63573881,50.63573881,50.56197893,50.56197893
6,17,0,70,65.27487225,58.62578775,50.56197893,43.67433961,42.14302859,44.28713916,46.65730528,49.18487395,42.57124439,42.00356213,42.00356213,42.00356213,34.84768555,34.84768555,34.84768555,34.80045245,38.04465786,36.65668267,34.38142968,33.31025968,33.91651722,30.85871939,28.95373049,30.35471419,35.63817817,39.39345727,38.02839894,49.29392618,49.29392618,50.63573881,51.9965612,51.25683579,51.25683579,35.09986613,34.82377769,23.23818426,22.76936904,51.25683579,49.29392618,49.29392618,48.02541053,48.02541053
6,17,10,70,65.39685965,56.08193628,48.02541053,42.14302859,38.92056174,44.90349265,44.28713916,49.9214094,42.00356213,41.18335925,41.18335925,41.18335925,32.71648023,32.71648023,32.71648023,34.84768555,39.03010071,36.49907676,33.53777672,32.37881806,33.37435931,29.1044886,28.73501145,30.78382178,34.45063167,38.02839894,39.16169319,47.46294022,47.46294022,49.29392618,51.25683579,48.33174345,48.33174345,34.82377769,34.48202083,22.13794227,23.23818426,48.33174345,47.46294022,47.46294022,43.66779625,43.66779625
6,17,20,70,63.30061492,52.95330882,43.66779625,38.92056174,38.75943593,48.14174837,44.90349265,49.46214986,41.18335925,38.19131097,38.19131097,38.19131097,31.27594829,31.27594829,31.27594829,32.71648023,36.40284523,35.78761164,33.71058676,32.51973875,33.154275,27.87077576,28.23691391,30.68099067,34.80292015,39.16169319,37.03685033,47.4146608,47.4146608,47.46294022,48.33174345,49.29593403,49.29593403,34.48202083,34.37015679,22.5292638,22.13794227,49.29593403,47.4146608,47.4146608,43.51226529,43.51226529
6,17,30,70,65.47355584,57.2237068,43.51226529,38.75943593,39.64900857,48.79411765,48.14174837,49.29225023,38.19131097,37.33911293,37.33911293,37.33911293,31.04998164,31.04998164,31.04998164,31.27594829,32.75697138,33.03712074,33.69440853,32.76065101,32.89104426,29.67042964,29.01373871,30.45674189,34.81860877,37.03685033,37.45303925,47.35612728,47.35612728,47.4146608,49.29593403,50.86562584,50.86562584,34.37015679,35.09337352,21.96742304,22.5292638,50.86562584,47.35612728,47.35612728,42.18572926,42.18572926
6,17,40,70,65.96099035,51.26893434,42.18572926,39.64900857,40.45388734,49.97991558,48.79411765,50.9220063,37.33911293,38.20070381,38.20070381,38.20070381,32.58166832,32.58166832,32.58166832,31.04998164,32.84560202,34.04680262,33.10892014,32.5285447,34.50698144,28.64931535,27.78886268,30.62638503,35.29633894,37.45303925,37.49582648,49.87422958,49.87422958,47.35612728,50.86562584,52.60145673,52.60145673,35.09337352,35.24239677,22.74590207,21.96742304,52.60145673,49.87422958,49.87422958,40.04349957,40.04349957
6,17,50,70,63.54800783,46.18081601,40.04349957,40.45388734,42.1700526,49.84286492,49.97991558,49.43622782,38.20070381,39.15769416,39.15769416,39.15769416,33.29337716,33.29337716,33.29337716,32.58166832,35.14492224,35.59779849,32.60235443,31.98197356,34.45259578,29.32947518,27.5952438,30.0851731,34.33832229,37.49582648,37.9618231,49.41055345,49.41055345,49.87422958,52.60145673,52.3442458,52.3442458,35.24239677,35.80829706,23.19462497,22.74590207,52.3442458,49.41055345,49.41055345,41.62586713,41.62586713
6,18,0,70,64.9498902,47.18683254,41.62586713,42.1700526,41.56052376,49.93872549,49.84286492,50.62231559,39.15769416,41.21670525,41.21670525,41.21670525,33.43689009,33.43689009,33.43689009,33.29337716,34.80476178,34.45530776,33.48446178,32.8625973,34.27346244,28.43282039,27.28245568,30.26540478,34.83837471,37.9618231,38.79396529,51.51726986,51.51726986,49.41055345,52.3442458,55.6596346,55.6596346,35.80829706,36.39528248,24.00604087,23.19462497,55.6596346,51.51726986,51.51726986,40.17417945,40.17417945
6,18,10,70,63.75931674,46.69385953,40.17417945,41.56052376,41.7247803,48.43251634,49.93872549,51.10938959,41.21670525,42.11733473,42.11733473,42.11733473,33.10556004,33.10556004,33.10556004,33.43689009,35.30798757,35.71427404,33.88336987,33.32830919,34.37061028,30.44736166,27.96373709,30.6521822,35.86417698,38.79396529,37.68379744,52.97210853,52.97210853,51.51726986,55.6596346,56.71259226,56.71259226,36.39528248,35.2932649,25.24211119,24.00604087,56.71259226,52.97210853,52.97210853,39.7211548,39.7211548
6,18,20,70,62.58538839,46.57414767,39.7211548,41.7247803,40.08716879,49.7421024,48.43251634,49.75714869,42.11733473,42.246748,42.246748,42.246748,33.1486383,33.1486383,33.1486383,33.10556004,33.77865156,34.28308521,32.33171738,32.00629794,33.07441744,30.47914405,28.84392558,30.85523589,35.13138623,37.68379744,38.92880119,50.7427981,50.7427981,52.97210853,56.71259226,53.84562429,53.84562429,35.2932649,34.41304519,24.87524422,25.24211119,53.84562429,50.7427981,50.7427981,41.05812731,41.05812731
6,18,30,70,60.58417263,47.24949598,41.05812731,40.08716879,44.5226528,51.40042892,49.7421024,51.73039216,42.246748,44.23076507,44.23076507,44.23076507,33.27627436,33.27627436,33.27627436,33.1486383,29.82732792,29.85876966,32.09296834,31.76310412,33.90120381,32.23294301,28.94765914,31.76886476,36.42245166,38.92880119,38.93255123,50.56434087,50.56434087,50.7427981,53.84562429,52.61372977,52.61372977,34.41304519,34.89358041,24.83701,24.87524422,52.61372977,50.56434087,50.56434087,47.14549233,47.14549233
6,18,40,70,62.75457184,50.17389062,47.14549233,44.5226528,47.57294979,54.38562092,51.40042892,52.96454832,44.23076507,45.76099458,45.76099458,45.76099458,34.67640329,34.67640329,34.67640329,33.27627436,33.00410581,32.90677854,33.29146818,32.81098289,35.43378595,33.13981747,29.65683126,31.68444054,36.26687904,38.93255123,39.20822376,50.11619551,50.11619551,50.56434087,52.61372977,53.16164073,53.16164073,34.89358041,36.01411229,24.6477558,24.83701,53.16164073,50.11619551,50.11619551,48.73487319,48.73487319
6,18,50,70,64.91593641,53.81089306,48.73487319,47.57294979,50.4177398,54.88694853,54.38562092,52.15633754,45.76099458,47.45586511,47.45586511,47.45586511,37.79691392,37.79691392,37.79691392,34.67640329,33.86119971,33.83419073,34.32710475,34.16037469,35.81331515,34.49821176,29.52016067,32.07926651,36.82113858,39.20822376,40.76199114,50.98281625,50.98281625,50.11619551,53.16164073,54.45878154,54.45878154,36.01411229,35.78945695,25.03072849,24.6477558,54.45878154,50.98281625,50.98281625,51.7513658,51.7513658
6,19,0,70,65.21791695,55.2833403,51.7513658,50.4177398,49.72133236,50.28216912,54.88694853,53.37972689,47.45586511,49.0367036,49.0367036,49.0367036,39.55348724,39.55348724,39.55348724,37.79691392,39.65041882,39.44692034,36.02811006,36.45557566,38.33159923,37.33776587,31.39421644,31.69826694,37.73647097,40.76199114,40.42254375,51.3845771,51.3845771,50.98281625,54.45878154,54.98678993,54.98678993,35.78945695,36.22986877,25.4061924,25.03072849,54.98678993,51.3845771,51.3845771,51.74631287,51.74631287
6,19,10,70,64.86667399,56.67357725,51.74631287,49.72133236,47.52256605,48.47426471,50.28216912,50.62342437,49.0367036,50.49014845,50.49014845,50.49014845,40.79538014,40.79538014,40.79538014,39.55348724,42.79400842,42.83941483,37.19626739,37.9038446,41.20830451,41.6581752,33.41454493,33.1323473,37.51443586,40.42254375,42.82297834,51.47884345,51.47884345,51.3845771,54.98678993,53.93710995,53.93710995,36.22986877,37.15810424,25.36059194,25.4061924,53.93710995,51.47884345,51.47884345,50.41496697,50.41496697
6,19,20,70,63.27336805,55.69602843,50.41496697,47.52256605,49.14247152,49.63970588,48.47426471,51.42037232,50.49014845,52.38171359,52.38171359,52.38171359,42.00372832,42.00372832,42.00372832,40.79538014,41.50453431,41.42514837,38.47747115,39.2831387,43.01968616,42.83162402,35.53572159,34.76034778,39.58677528,42.82297834,42.45740269,53.46798483,53.46798483,51.47884345,53.93710995,54.03887666,54.03887666,37.15810424,37.42396608,27.09873178,25.36059194,54.03887666,53.46798483,53.46798483,52.2987976,52.2987976
6,19,30,70,63.34170316,56.90084813,52.2987976,49.14247152,48.14404809,54.88939951,49.63970588,52.15292367,52.38171359,53.85974072,53.85974072,53.85974072,44.83017831,44.83017831,44.83017831,42.00372832,43.86454332,44.40592404,41.03235533,42.03510825,47.90221021,44.58037992,34.36413222,34.47202461,39.66806499,42.45740269,45.02486971,53.94518233,53.94518233,53.46798483,54.03887666,56.78355524,56.78355524,37.42396608,40.52149789,26.91592897,27.09873178,56.78355524,53.94518233,53.94518233,51.14177856,51.14177856
6,19,40,70,63.65363985,56.94747378,51.14177856,48.14404809,48.63733771,59.19978894,54.88939951,55.59304972,53.85974072,54.32943425,54.32943425,54.32943425,48.31806435,48.31806435,48.31806435,44.83017831,49.78591456,49.43671738,42.23658093,43.4063251,48.37338317,45.1208647,36.21797213,36.03049491,41.34533523,45.02486971,46.97816005,55.79434339,55.79434339,53.94518233,56.78355524,58.47131414,58.47131414,40.52149789,42.51872937,26.84467274,26.91592897,58.47131414,55.79434339,55.79434339,49.28150575,49.28150575
6,19,50,70,62.5194784,55.56008858,49.28150575,48.63733771,50.48270072,58.56648284,59.19978894,57.95807073,54.32943425,55.80910072,55.80910072,55.80910072,49.71723728,49.71723728,49.71723728,48.31806435,52.82253336,51.54471895,43.56894035,45.08584663,49.11404717,46.41358437,37.6492322,37.126092,42.46204901,46.97816005,48.40354936,55.43627861,55.43627861,55.79434339,58.47131414,57.81678926,57.81678926,42.51872937,43.72517889,29.21189437,26.84467274,57.81678926,55.43627861,55.43627861,50.22719878,50.22719878
6,20,0,70,62.5921127,54.22317187,50.22719878,50.48270072,49.03017908,60.5795207,58.56648284,57.82431723,55.80910072,56.41648023,56.41648023,56.41648023,50.92328593,50.92328593,50.92328593,49.71723728,55.63990596,55.93098323,49.04924012,49.86379242,52.29368987,49.41646286,40.44833864,39.05610372,44.94282751,48.40354936,50.63242004,54.97371963,54.97371963,55.43627861,57.81678926,55.93557692,55.93557692,43.72517889,44.57418863,31.59527228,29.21189437,55.93557692,54.97371963,54.97371963,47.80287546,47.80287546
6,20,10,70,61.72216934,51.32831934,47.80287546,49.03017908,47.99477597,60.98106618,60.5795207,60.08315826,56.41648023,56.14787805,56.14787805,56.14787805,51.40242383,51.40242383,51.40242383,50.92328593,59.19738383,58.03490133,52.57816977,55.37104427,57.77848933,52.4953958,44.93349748,39.6857711,44.64116671,50.63242004,52.52216783,54.24855759,54.24855759,54.97371963,55.93557692,56.44469057,56.44469057,44.57418863,45.77347554,31.26716963,31.59527228,56.44469057,54.24855759,54.24855759,46.05473374,46.05473374
6,20,20,70,57.57730733,47.20901814,46.05473374,47.99477597,49.61889724,60.87647059,60.98106618,58.93046218,56.14787805,56.46747991,56.46747991,56.46747991,52.9877932,52.9877932,52.9877932,51.40242383,60.20772165,60.23829977,54.00084872,56.65044657,58.86582013,55.42976809,48.04964165,41.6241139,45.60274965,52.52216783,54.94017798,56.57596579,56.57596579,54.24855759,56.44469057,57.77358766,57.77358766,45.77347554,47.14343353,32.68984564,31.26716963,57.77358766,56.57596579,56.57596579,45.60306744,45.60306744
6,20,30,70,58.00119351,46.99566844,45.60306744,49.61889724,50.48521242,61.75156516,60.87647059,58.89705882,56.46747991,56.67276461,56.67276461,56.67276461,53.60786644,53.60786644,53.60786644,52.9877932,60.65750717,61.38833617,56.60066572,59.40474938,60.21160219,56.65186049,49.89358448,42.35607944,46.89331406,54.94017798,54.67753675,57.34607278,57.34607278,56.57596579,57.77358766,57.91843404,57.91843404,47.14343353,51.65118442,36.61024694,32.68984564,57.91843404,57.34607278,57.34607278,44.63699382,44.63699382
6,20,40,70,60.02071528,45.97365235,44.63699382,50.48521242,51.62206324,60.40550109,61.75156516,59.37836385,56.67276461,57.0734844,57.0734844,57.0734844,53.49983172,53.49983172,53.49983172,53.60786644,61.1901358,60.96750064,58.54561624,62.18806746,61.60060212,58.72250178,53.2210005,43.40898382,47.70650502,54.67753675,54.40248893,59.02731153,59.02731153,57.34607278,57.91843404,60.33329314,60.33329314,51.65118442,53.24460417,40.71728717,36.61024694,60.33329314,59.02731153,59.02731153,44.17064507,44.17064507
6,20,50,70,60.70434734,44.54703655,44.17064507,51.62206324,53.87417749,61.47303922,60.40550109,58.72834967,57.0734844,57.67209749,57.67209749,57.67209749,54.11069293,54.11069293,54.11069293,53.49983172,60.92342437,61.24541973,59.22910581,62.54372747,61.98870743,59.59586736,52.69269153,44.01561846,48.4662478,54.40248893,57.11625357,60.86913462,60.86913462,59.02731153,60.33329314,62.54292408,62.54292408,53.24460417,56.21238739,42.20851047,40.71728717,62.54292408,60.86913462,60.86913462,46.13075092,46.13075092
6,21,0,70,60.38386848,46.87524332,46.13075092,53.87417749,53.94483859,59.49496187,61.47303922,58.5102416,57.67209749,57.30962138,57.30962138,57.30962138,53.75106759,53.75106759,53.75106759,54.11069293,60.97158613,61.1207458,60.31944062,63.68097531,62.90217013,61.07317983,52.83362581,44.85716339,50.12697477,57.11625357,57.94727475,61.22870174,61.22870174,60.86913462,62.54292408,62.96051297,62.96051297,56.21238739,55.3191188,42.17933567,42.20851047,62.96051297,61.22870174,61.22870174,47.20369423,47.20369423
6,21,10,70,62.81779728,50.99006522,47.20369423,53.94483859,54.21326179,60.99853622,59.49496187,58.20955882,57.30962138,57.5806031,57.5806031,57.5806031,53.21372014,53.21372014,53.21372014,53.75106759,59.93221673,60.63935241,59.86383734,63.14393665,63.57947138,62.55843556,54.30530718,45.40657239,50.31294867,57.94727475,60.94403645,61.69835711,61.69835711,61.22870174,62.96051297,63.19922364,63.19922364,55.3191188,52.78393607,40.42930051,42.17933567,63.19922364,61.69835711,61.69835711,48.9964443,48.9964443
6,21,20,70,64.11241096,51.77444341,48.9964443,54.21326179,54.06782039,62.38790655,60.99853622,59.53524743,57.5806031,58.00349583,58.00349583,58.00349583,53.63549367,53.63549367,53.63549367,53.21372014,59.96482876,60.55496289,59.41518373,62.29111544,62.18453903,62.25464389,55.76405759,45.87084999,51.24400762,60.94403645,60.99167959,61.95930879,61.95930879,61.69835711,63.19922364,63.73500952,63.73500952,52.78393607,52.59589106,38.93238684,40.42930051,63.73500952,61.95930879,61.95930879,49.88364059,49.88364059
6,21,30,70,65.20587704,53.35025543,49.88364059,54.06782039,54.65839626,64.76715686,62.38790655,59.85215003,58.00349583,58.9191643,58.9191643,58.9191643,53.81573224,53.81573224,53.81573224,53.63549367,57.64639877,58.13651618,59.93692866,62.60131691,62.09660691,61.61151241,55.33137111,45.4427456,50.85182349,60.99167959,60.0459666,59.56180639,59.56180639,61.95930879,63.73500952,61.38954668,61.38954668,52.59589106,55.43003056,39.95872893,38.93238684,61.38954668,59.56180639,59.56180639,49.98773799,49.98773799
6,21,40,70,65.74628306,52.52407898,49.98773799,54.65839626,56.1966713,64.86032816,64.76715686,60.3174895,58.9191643,59.18571069,59.18571069,59.18571069,54.01036399,54.01036399,54.01036399,53.81573224,58.58807599,58.21964055,60.60789059,64.18453101,63.04855758,62.00372153,54.75763923,45.8411908,51.13289372,60.0459666,60.57796236,59.30441877,59.30441877,59.56180639,61.38954668,61.19493062,61.19493062,55.43003056,57.21227491,41.42173475,39.95872893,61.19493062,59.30441877,59.30441877,51.24925938,51.24925938
6,21,50,70,63.49389212,51.31857438,51.24925938,56.1966713,55.67609963,65.35294118,64.86032816,60.61035831,59.18571069,59.92231864,59.92231864,59.92231864,53.85419446,53.85419446,53.85419446,54.01036399,58.39661698,58.66633987,61.24931506,65.06153033,65.49103357,63.70734268,56.35937479,46.71340158,51.14296185,60.57796236,60.99881659,61.45833935,61.45833935,59.30441877,61.19493062,63.27438171,63.27438171,57.21227491,56.0891939,40.75658604,41.42173475,63.27438171,61.45833935,61.45833935,51.34404838,51.34404838
6,22,0,70,64.28883062,52.1818564,51.34404838,55.67609963,54.27222601,63.28468818,65.35294118,60.52521008,59.92231864,59.52834871,59.52834871,59.52834871,53.47275828,53.47275828,53.47275828,53.85419446,58.72406853,58.60250639,60.77522973,64.76426356,65.46450889,63.62066266,56.70560604,47.3907852,51.67245756,60.99881659,62.18946989,61.17535475,61.17535475,61.45833935,63.27438171,63.112923,63.112923,56.0891939,56.88261736,38.61087799,40.75658604,63.112923,61.17535475,61.17535475,49.79406766,49.79406766
6,22,10,70,64.03276525,51.61366817,49.79406766,54.27222601,55.57441854,62.50980392,63.28468818,59.43499066,59.52834871,58.41564743,58.41564743,58.41564743,54.02031653,54.02031653,54.02031653,53.47275828,60.77002801,60.38202531,60.6165094,64.40276564,64.69953491,62.53509277,55.06367479,45.67767508,51.36052598,62.18946989,60.5478509,60.30621313,60.30621313,61.17535475,63.112923,62.7010066,62.7010066,56.88261736,52.59098175,36.14338348,38.61087799,62.7010066,60.30621313,60.30621313,50.55932354,50.55932354
6,22,20,70,63.34072166,51.19037013,50.55932354,55.57441854,54.40887542,60.95915033,62.50980392,58.3697479,58.41564743,58.93090655,58.93090655,58.93090655,53.58307401,53.58307401,53.58307401,54.02031653,60.54002967,59.88713684,59.22179205,62.61138068,63.10604406,61.39147872,53.99308407,44.44755663,49.58340348,60.5478509,59.47815525,60.76303908,60.76303908,60.30621313,62.7010066,61.85567004,61.85567004,52.59098175,52.21906221,35.25570042,36.14338348,61.85567004,60.76303908,60.76303908,48.78702224,48.78702224
6,22,30,70,63.18041238,51.11674456,48.78702224,54.40887542,52.96879527,60.31120643,60.95915033,58.89956816,58.93090655,58.82604631,58.82604631,58.82604631,53.79225931,53.79225931,53.79225931,53.58307401,60.58505022,61.9983111,59.35067438,62.61657258,62.59045836,58.83074265,52.29411968,44.4231962,49.44466929,59.47815525,59.97907684,60.11062048,60.11062048,60.76303908,61.85567004,62.57935407,62.57935407,52.21906221,51.36469499,37.72608703,35.25570042,62.57935407,60.11062048,60.11062048,47.2210731,47.2210731
6,22,40,70,63.54505504,50.96844742,47.2210731,52.96879527,54.77143062,63.62428513,60.31120643,59.02783613,58.82604631,58.99718566,58.99718566,58.99718566,54.23880066,54.23880066,54.23880066,53.79225931,60.8916119,61.1856814,59.63917194,63.09052595,63.18542681,60.3699717,52.68269177,44.45022472,50.13791615,59.97907684,62.13916815,62.6368432,62.6368432,60.11062048,62.57935407,63.68919685,63.68919685,51.36469499,54.54741921,43.12365253,37.72608703,63.68919685,62.6368432,62.6368432,49.43280762,49.43280762
6,22,50,70,64.20700781,51.69845101,49.43280762,54.77143062,56.92786721,64.32819308,63.62428513,59.87401377,58.99718566,58.59831991,58.59831991,58.59831991,54.83406572,54.83406572,54.83406572,54.23880066,61.89177171,62.1842437,60.5399975,64.37375717,64.65070562,63.53709519,56.06480283,46.55181473,51.37541792,62.13916815,63.38519376,64.27263535,64.27263535,62.6368432,63.68919685,65.47141398,65.47141398,54.54741921,58.39817769,48.49910501,43.12365253,65.47141398,64.27263535,64.27263535,53.0957392,53.0957392
6,23,0,70,66.09462897,54.43592259,53.0957392,56.92786721,56.09085409,60.82611656,64.32819308,59.26715686,58.59831991,59.09404567,59.09404567,59.09404567,54.23183777,54.23183777,54.23183777,54.83406572,62.18051926,62.59610062,61.81017677,65.43547003,65.53095153,66.87253686,59.14788671,48.40074341,53.04001428,63.38519376,63.05652056,65.21249283,65.21249283,64.27263535,65.47141398,66.22715953,66.22715953,58.39817769,60.16907952,52.48942615,48.49910501,66.22715953,65.21249283,65.21249283,52.8504156,52.8504156
6,23,10,70,67.72410273,57.86504359,52.8504156,56.09085409,57.43354641,61.01623775,60.82611656,58.0561683,59.09404567,60.05714406,60.05714406,60.05714406,54.61429611,54.61429611,54.61429611,54.23183777,61.40141826,61.91573982,61.72750765,65.98719152,65.88654328,67.24128564,59.29457974,48.57914175,53.97725496,63.05652056,64.69635735,65.59538199,65.59538199,65.21249283,66.22715953,67.17259423,67.17259423,60.16907952,62.09109656,51.6377009,52.48942615,67.17259423,65.59538199,65.59538199,53.88586373,53.88586373
6,23,20,70,67.27123051,57.2672307,53.88586373,57.43354641,59.42274775,64.625,61.01623775,59.05462185,60.05714406,61.05330056,61.05330056,61.05330056,55.71661744,55.71661744,55.71661744,54.61429611,61.69874777,62.19074777,62.16787787,66.3926924,66.27194989,67.85970446,60.57313989,48.63641624,53.82708824,64.69635735,66.91842089,66.84283148,66.84283148,65.59538199,67.17259423,68.20787163,68.20787163,62.09109656,65.75554753,51.81322795,51.6377009,68.20787163,66.84283148,66.84283148,56.68413612,56.68413612
6,23,30,70,68.1496049,59.48842889,56.68413612,59.42274775,60.1678961,65.98958333,64.625,60.42448646,61.05330056,62.13558473,62.13558473,62.13558473,55.87311522,55.87311522,55.87311522,55.71661744,61.34092284,62.49052602,63.20817757,67.27716428,67.13838916,68.30572992,61.53165973,50.28834537,55.45435658,66.91842089,66.14394739,67.06000968,67.06000968,66.84283148,68.20787163,68.15049819,68.15049819,65.75554753,67.25207208,54.61565369,51.81322795,68.15049819,67.06000968,67.06000968,58.47899007,58.47899007
6,23,40,70,68.29402844,60.76298383,58.47899007,60.1678961,61.41633325,66.07543573,65.98958333,62.54936975,62.13558473,62.39521708,62.39521708,62.39521708,56.19229518,56.19229518,56.19229518,55.87311522,61.74329618,63.18888942,63.91262084,67.78498962,67.60833794,67.30992265,61.42844032,49.82290131,55.22824098,66.14394739,65.7847934,67.97407119,67.97407119,67.06000968,68.15049819,69.01483559,69.01483559,67.25207208,68.55454534,57.45968024,54.61565369,69.01483559,67.97407119,67.97407119,59.67199133,59.67199133
6,23,50,70,69.30536594,61.92043093,59.67199133,61.41633325,61.41633,61.41633,66.07543573,62.31792717,62.39521708,62.39522,62.39522,62.39522,56.19229518,56.19229518,56.19229518,56.19229518,61.65787488,62.44127824,64.70258661,68.51133495,68.53742614,68.27895176,62.53196315,51.29847358,56.16392776,65.7847934,67.97407,67.97407,67.97407,67.97407119,69.01483559,69.01483559,68.55454534,68.55454534,68.55454534,57.45968,57.45968024,69.01484,67.97407,67.97407,59.67199,59.67199
